   2.48318805092e+08    7.60159607423e+09    2.53386535808e+06    1.07250000000e+01 
2903 
2.795622e-04 
2.740810e-04 
2.687620e-04 
2.635989e-04 
2.585856e-04 
2.537164e-04 
2.489857e-04 
2.443884e-04 
2.399194e-04 
2.355740e-04 
2.313184e-04 
2.271416e-04 
2.230774e-04 
2.191213e-04 
2.152693e-04 
2.115173e-04 
2.078617e-04 
2.042988e-04 
2.008252e-04 
1.974377e-04 
1.941330e-04 
1.909082e-04 
1.877604e-04 
1.846868e-04 
1.816743e-04 
1.787300e-04 
1.758535e-04 
1.730426e-04 
1.702956e-04 
1.676104e-04 
1.649852e-04 
1.624184e-04 
1.599083e-04 
1.574533e-04 
1.550517e-04 
1.527022e-04 
1.504032e-04 
1.481534e-04 
1.459514e-04 
1.437982e-04 
1.416977e-04 
1.396409e-04 
1.376267e-04 
1.356538e-04 
1.337212e-04 
1.318277e-04 
1.299723e-04 
1.281540e-04 
1.263717e-04 
1.246246e-04 
1.229117e-04 
1.212322e-04 
1.195852e-04 
1.179698e-04 
1.163852e-04 
1.148307e-04 
1.133055e-04 
1.118090e-04 
1.103403e-04 
1.088987e-04 
1.074851e-04 
1.061015e-04 
1.047429e-04 
1.034088e-04 
1.020985e-04 
1.008115e-04 
9.954705e-05 
9.830470e-05 
9.708389e-05 
9.588409e-05 
9.470477e-05 
9.354545e-05 
9.240563e-05 
9.128486e-05 
9.018268e-05 
8.909864e-05 
8.803232e-05 
8.698330e-05 
8.595117e-05 
8.493555e-05 
8.393606e-05 
8.295231e-05 
8.198396e-05 
8.103065e-05 
8.009211e-05 
7.916803e-05 
7.825815e-05 
7.736225e-05 
7.648010e-05 
7.561147e-05 
7.475614e-05 
7.391390e-05 
7.308453e-05 
7.226785e-05 
7.146363e-05 
7.067169e-05 
6.989184e-05 
6.912388e-05 
6.836763e-05 
6.762291e-05 
6.688954e-05 
6.616735e-05 
6.545617e-05 
6.473067e-05 
6.401630e-05 
6.331282e-05 
6.262003e-05 
6.193770e-05 
6.126565e-05 
6.060365e-05 
5.995153e-05 
5.930908e-05 
5.867612e-05 
5.805247e-05 
5.743795e-05 
5.680939e-05 
5.616903e-05 
5.553810e-05 
5.491641e-05 
5.430380e-05 
5.370009e-05 
5.310513e-05 
5.251873e-05 
5.188211e-05 
5.123605e-05 
5.059946e-05 
4.997218e-05 
4.932828e-05 
4.857095e-05 
4.782503e-05 
4.694942e-05 
4.602885e-05 
4.517681e-05 
4.459335e-05 
4.422790e-05 
4.420077e-05 
4.429902e-05 
4.438799e-05 
4.437590e-05 
4.436244e-05 
4.419064e-05 
4.400247e-05 
4.381590e-05 
4.359137e-05 
4.332111e-05 
4.305382e-05 
4.278945e-05 
4.252795e-05 
4.226927e-05 
4.196343e-05 
4.165451e-05 
4.134918e-05 
4.104740e-05 
4.074911e-05 
4.045424e-05 
4.016276e-05 
3.986025e-05 
3.952535e-05 
3.919445e-05 
3.886750e-05 
3.854442e-05 
3.822517e-05 
3.784600e-05 
3.745801e-05 
3.707483e-05 
3.668054e-05 
3.625835e-05 
3.586014e-05 
3.557186e-05 
3.531058e-05 
3.518977e-05 
3.506978e-05 
3.493939e-05 
3.480629e-05 
3.467421e-05 
3.446622e-05 
3.424425e-05 
3.402460e-05 
3.381163e-05 
3.364114e-05 
3.347223e-05 
3.332254e-05 
3.321007e-05 
3.309835e-05 
3.298739e-05 
3.287090e-05 
3.271769e-05 
3.256582e-05 
3.241528e-05 
3.226603e-05 
3.211488e-05 
3.194085e-05 
3.176846e-05 
3.159768e-05 
3.142849e-05 
3.126087e-05 
3.109480e-05 
3.093026e-05 
3.076723e-05 
3.059620e-05 
3.042366e-05 
3.025260e-05 
3.008292e-05 
2.991452e-05 
2.974731e-05 
2.958119e-05 
2.941608e-05 
2.925189e-05 
2.908854e-05 
2.892594e-05 
2.876305e-05 
2.860082e-05 
2.843933e-05 
2.827860e-05 
2.811864e-05 
2.795949e-05 
2.780116e-05 
2.764367e-05 
2.748706e-05 
2.733133e-05 
2.717650e-05 
2.702260e-05 
2.687030e-05 
2.671906e-05 
2.656876e-05 
2.641941e-05 
2.627101e-05 
2.612356e-05 
2.597706e-05 
2.583152e-05 
2.568693e-05 
2.554330e-05 
2.540063e-05 
2.525892e-05 
2.511816e-05 
2.497838e-05 
2.483955e-05 
2.470208e-05 
2.456561e-05 
2.443010e-05 
2.429553e-05 
2.416191e-05 
2.402922e-05 
2.389747e-05 
2.376665e-05 
2.363675e-05 
2.350777e-05 
2.337971e-05 
2.325255e-05 
2.312631e-05 
2.300097e-05 
2.287652e-05 
2.275304e-05 
2.263054e-05 
2.250892e-05 
2.238817e-05 
2.226829e-05 
2.214927e-05 
2.203111e-05 
2.191379e-05 
2.179732e-05 
2.168169e-05 
2.156689e-05 
2.145291e-05 
2.133976e-05 
2.122742e-05 
2.111588e-05 
2.100515e-05 
2.089522e-05 
2.078608e-05 
2.067786e-05 
2.057044e-05 
2.046379e-05 
2.035790e-05 
2.025277e-05 
2.014839e-05 
2.004476e-05 
1.994188e-05 
1.983972e-05 
1.973830e-05 
1.963760e-05 
1.953762e-05 
1.943834e-05 
1.933978e-05 
1.924191e-05 
1.914474e-05 
1.904826e-05 
1.895247e-05 
1.885739e-05 
1.876297e-05 
1.866923e-05 
1.857615e-05 
1.848372e-05 
1.839195e-05 
1.830081e-05 
1.821032e-05 
1.812047e-05 
1.803124e-05 
1.794264e-05 
1.785465e-05 
1.776728e-05 
1.768052e-05 
1.759438e-05 
1.750884e-05 
1.742389e-05 
1.733953e-05 
1.725576e-05 
1.717256e-05 
1.708994e-05 
1.700789e-05 
1.692639e-05 
1.684546e-05 
1.676509e-05 
1.668526e-05 
1.660598e-05 
1.652724e-05 
1.644903e-05 
1.637136e-05 
1.629421e-05 
1.621759e-05 
1.614148e-05 
1.606589e-05 
1.599081e-05 
1.591623e-05 
1.584219e-05 
1.576869e-05 
1.569567e-05 
1.562314e-05 
1.555110e-05 
1.547953e-05 
1.540845e-05 
1.533783e-05 
1.526768e-05 
1.519800e-05 
1.512878e-05 
1.506001e-05 
1.499169e-05 
1.492383e-05 
1.485641e-05 
1.478943e-05 
1.472288e-05 
1.465677e-05 
1.459109e-05 
1.452584e-05 
1.446101e-05 
1.439660e-05 
1.433261e-05 
1.426903e-05 
1.420586e-05 
1.414309e-05 
1.408073e-05 
1.401877e-05 
1.395720e-05 
1.389602e-05 
1.383523e-05 
1.377482e-05 
1.371480e-05 
1.365516e-05 
1.359590e-05 
1.353701e-05 
1.347850e-05 
1.342035e-05 
1.336257e-05 
1.330514e-05 
1.324808e-05 
1.319138e-05 
1.313503e-05 
1.307903e-05 
1.302337e-05 
1.296807e-05 
1.291310e-05 
1.285848e-05 
1.280419e-05 
1.275024e-05 
1.269662e-05 
1.264332e-05 
1.259036e-05 
1.253772e-05 
1.248540e-05 
1.243340e-05 
1.238174e-05 
1.233040e-05 
1.227937e-05 
1.222865e-05 
1.217823e-05 
1.212812e-05 
1.207832e-05 
1.202881e-05 
1.197959e-05 
1.193068e-05 
1.188205e-05 
1.183372e-05 
1.178567e-05 
1.173791e-05 
1.169044e-05 
1.164324e-05 
1.159632e-05 
1.154969e-05 
1.150332e-05 
1.145723e-05 
1.141141e-05 
1.136586e-05 
1.132058e-05 
1.127556e-05 
1.123080e-05 
1.118631e-05 
1.114207e-05 
1.109809e-05 
1.105437e-05 
1.101090e-05 
1.096768e-05 
1.092471e-05 
1.088198e-05 
1.083951e-05 
1.079728e-05 
1.075530e-05 
1.071357e-05 
1.067207e-05 
1.063082e-05 
1.058979e-05 
1.054900e-05 
1.050844e-05 
1.046811e-05 
1.042801e-05 
1.038814e-05 
1.034849e-05 
1.030906e-05 
1.026985e-05 
1.023087e-05 
1.019210e-05 
1.015355e-05 
1.011521e-05 
1.007709e-05 
1.003917e-05 
1.000147e-05 
9.963980e-06 
9.926694e-06 
9.889614e-06 
9.852738e-06 
9.816065e-06 
9.779593e-06 
9.743321e-06 
9.707247e-06 
9.671371e-06 
9.635690e-06 
9.600203e-06 
9.564909e-06 
9.529807e-06 
9.494894e-06 
9.460171e-06 
9.425635e-06 
9.391285e-06 
9.357119e-06 
9.323138e-06 
9.289339e-06 
9.255720e-06 
9.222285e-06 
9.189038e-06 
9.155968e-06 
9.123074e-06 
9.090355e-06 
9.057809e-06 
9.025435e-06 
8.993232e-06 
8.961199e-06 
8.929334e-06 
8.897638e-06 
8.866107e-06 
8.834741e-06 
8.803540e-06 
8.772502e-06 
8.741625e-06 
8.710909e-06 
8.680352e-06 
8.649954e-06 
8.619714e-06 
8.589629e-06 
8.559700e-06 
8.529925e-06 
8.500304e-06 
8.470834e-06 
8.441516e-06 
8.412347e-06 
8.383328e-06 
8.354456e-06 
8.325732e-06 
8.297154e-06 
8.268721e-06 
8.240432e-06 
8.212287e-06 
8.184283e-06 
8.156421e-06 
8.128699e-06 
8.101117e-06 
8.073673e-06 
8.046367e-06 
8.019197e-06 
7.992163e-06 
7.965265e-06 
7.938500e-06 
7.911868e-06 
7.885369e-06 
7.859001e-06 
7.832763e-06 
7.806655e-06 
7.780679e-06 
7.754833e-06 
7.729114e-06 
7.703521e-06 
7.678054e-06 
7.652712e-06 
7.627493e-06 
7.602398e-06 
7.577425e-06 
7.552573e-06 
7.527842e-06 
7.503231e-06 
7.478740e-06 
7.454366e-06 
7.430111e-06 
7.405972e-06 
7.381949e-06 
7.358042e-06 
7.334250e-06 
7.310571e-06 
7.287006e-06 
7.263553e-06 
7.240213e-06 
7.216983e-06 
7.193863e-06 
7.170854e-06 
7.147953e-06 
7.125161e-06 
7.102477e-06 
7.079899e-06 
7.057428e-06 
7.035062e-06 
7.012802e-06 
6.990646e-06 
6.968593e-06 
6.946644e-06 
6.924797e-06 
6.903052e-06 
6.881408e-06 
6.859865e-06 
6.838421e-06 
6.817077e-06 
6.795832e-06 
6.774685e-06 
6.753635e-06 
6.732683e-06 
6.711826e-06 
6.691066e-06 
6.670400e-06 
6.649829e-06 
6.629353e-06 
6.608969e-06 
6.588679e-06 
6.568481e-06 
6.548375e-06 
6.528360e-06 
6.508436e-06 
6.488601e-06 
6.468857e-06 
6.449201e-06 
6.429635e-06 
6.410156e-06 
6.390764e-06 
6.371460e-06 
6.352242e-06 
6.333110e-06 
6.314064e-06 
6.295103e-06 
6.276226e-06 
6.257432e-06 
6.238723e-06 
6.220096e-06 
6.201552e-06 
6.183090e-06 
6.164710e-06 
6.146410e-06 
6.128191e-06 
6.110053e-06 
6.091996e-06 
6.074027e-06 
6.056136e-06 
6.038323e-06 
6.020588e-06 
6.002931e-06 
5.985350e-06 
5.967845e-06 
5.950417e-06 
5.933064e-06 
5.915787e-06 
5.898584e-06 
5.881455e-06 
5.864400e-06 
5.847419e-06 
5.830510e-06 
5.813675e-06 
5.796911e-06 
5.780219e-06 
5.763599e-06 
5.747049e-06 
5.730570e-06 
5.714161e-06 
5.697822e-06 
5.681552e-06 
5.665351e-06 
5.649219e-06 
5.633155e-06 
5.617159e-06 
5.601230e-06 
5.585369e-06 
5.569574e-06 
5.553845e-06 
5.538182e-06 
5.522585e-06 
5.507054e-06 
5.491586e-06 
5.476184e-06 
5.460846e-06 
5.445571e-06 
5.430360e-06 
5.415212e-06 
5.400127e-06 
5.385104e-06 
5.370143e-06 
5.355244e-06 
5.340406e-06 
5.325630e-06 
5.310914e-06 
5.296258e-06 
5.281663e-06 
5.267127e-06 
5.252651e-06 
5.238233e-06 
5.223875e-06 
5.209575e-06 
5.195333e-06 
5.181149e-06 
5.167023e-06 
5.152953e-06 
5.138941e-06 
5.124985e-06 
5.111086e-06 
5.097242e-06 
5.083454e-06 
5.069722e-06 
5.056045e-06 
5.042422e-06 
5.028854e-06 
5.015341e-06 
5.001881e-06 
4.988475e-06 
4.975122e-06 
4.961823e-06 
4.948576e-06 
4.935382e-06 
4.922240e-06 
4.909150e-06 
4.896111e-06 
4.883125e-06 
4.870189e-06 
4.857305e-06 
4.844471e-06 
4.831687e-06 
4.818954e-06 
4.806270e-06 
4.793636e-06 
4.781051e-06 
4.768516e-06 
4.756029e-06 
4.743591e-06 
4.731202e-06 
4.718860e-06 
4.706566e-06 
4.694320e-06 
4.682121e-06 
4.669970e-06 
4.657870e-06 
4.645816e-06 
4.633809e-06 
4.621848e-06 
4.609933e-06 
4.598063e-06 
4.586239e-06 
4.574460e-06 
4.562726e-06 
4.551037e-06 
4.539393e-06 
4.527793e-06 
4.516236e-06 
4.504724e-06 
4.493255e-06 
4.481830e-06 
4.470448e-06 
4.459109e-06 
4.447813e-06 
4.436559e-06 
4.425348e-06 
4.414178e-06 
4.403051e-06 
4.391965e-06 
4.380921e-06 
4.369918e-06 
4.358956e-06 
4.348036e-06 
4.337155e-06 
4.326316e-06 
4.315516e-06 
4.304757e-06 
4.294038e-06 
4.283358e-06 
4.272718e-06 
4.262117e-06 
4.251555e-06 
4.241032e-06 
4.230548e-06 
4.220102e-06 
4.209695e-06 
4.199326e-06 
4.188994e-06 
4.178701e-06 
4.168445e-06 
4.158227e-06 
4.148046e-06 
4.137902e-06 
4.127795e-06 
4.117724e-06 
4.107691e-06 
4.097693e-06 
4.087732e-06 
4.077806e-06 
4.067917e-06 
4.058063e-06 
4.048245e-06 
4.038462e-06 
4.028714e-06 
4.019001e-06 
4.009323e-06 
3.999680e-06 
3.990071e-06 
3.980496e-06 
3.970956e-06 
3.961450e-06 
3.951977e-06 
3.942538e-06 
3.933133e-06 
3.923761e-06 
3.914422e-06 
3.905116e-06 
3.895844e-06 
3.886604e-06 
3.877396e-06 
3.868221e-06 
3.859078e-06 
3.849968e-06 
3.840889e-06 
3.831842e-06 
3.822827e-06 
3.813844e-06 
3.804891e-06 
3.795971e-06 
3.787081e-06 
3.778222e-06 
3.769394e-06 
3.760596e-06 
3.751830e-06 
3.743093e-06 
3.734387e-06 
3.725711e-06 
3.717065e-06 
3.708449e-06 
3.699862e-06 
3.691305e-06 
3.682778e-06 
3.674279e-06 
3.665810e-06 
3.657370e-06 
3.648959e-06 
3.640577e-06 
3.632223e-06 
3.623898e-06 
3.615601e-06 
3.607332e-06 
3.599092e-06 
3.590880e-06 
3.582697e-06 
3.574544e-06 
3.566420e-06 
3.558323e-06 
3.550253e-06 
3.542210e-06 
3.534195e-06 
3.526206e-06 
3.518245e-06 
3.510310e-06 
3.502402e-06 
3.494520e-06 
3.486665e-06 
3.478836e-06 
3.471033e-06 
3.463256e-06 
3.455505e-06 
3.447780e-06 
3.440080e-06 
3.432406e-06 
3.424758e-06 
3.417135e-06 
3.409537e-06 
3.401964e-06 
3.394416e-06 
3.386894e-06 
3.379396e-06 
3.371922e-06 
3.364474e-06 
3.357049e-06 
3.349649e-06 
3.342274e-06 
3.334922e-06 
3.327595e-06 
3.320291e-06 
3.313012e-06 
3.305756e-06 
3.298523e-06 
3.291314e-06 
3.284129e-06 
3.276967e-06 
3.269828e-06 
3.262713e-06 
3.255620e-06 
3.248550e-06 
3.241503e-06 
3.234479e-06 
3.227477e-06 
3.220498e-06 
3.213542e-06 
3.206607e-06 
3.199695e-06 
3.192805e-06 
3.185938e-06 
3.179092e-06 
3.172268e-06 
3.165465e-06 
3.158685e-06 
3.151926e-06 
3.145188e-06 
3.138472e-06 
3.131778e-06 
3.125104e-06 
3.118452e-06 
3.111820e-06 
3.105210e-06 
3.098620e-06 
3.092052e-06 
3.085503e-06 
3.078976e-06 
3.072469e-06 
3.065983e-06 
3.059516e-06 
3.053070e-06 
3.046645e-06 
3.040239e-06 
3.033853e-06 
3.027488e-06 
3.021142e-06 
3.014816e-06 
3.008509e-06 
3.002223e-06 
2.995955e-06 
2.989707e-06 
2.983479e-06 
2.977270e-06 
2.971080e-06 
2.964909e-06 
2.958757e-06 
2.952624e-06 
2.946510e-06 
2.940414e-06 
2.934338e-06 
2.928280e-06 
2.922241e-06 
2.916220e-06 
2.910217e-06 
2.904233e-06 
2.898268e-06 
2.892320e-06 
2.886391e-06 
2.880479e-06 
2.874586e-06 
2.868710e-06 
2.862853e-06 
2.857013e-06 
2.851190e-06 
2.845386e-06 
2.839599e-06 
2.833829e-06 
2.828077e-06 
2.822342e-06 
2.816624e-06 
2.810924e-06 
2.805240e-06 
2.799574e-06 
2.793925e-06 
2.788293e-06 
2.782677e-06 
2.777078e-06 
2.771496e-06 
2.765932e-06 
2.760385e-06 
2.754855e-06 
2.749341e-06 
2.743843e-06 
2.738362e-06 
2.732897e-06 
2.727448e-06 
2.722015e-06 
2.716599e-06 
2.711198e-06 
2.705813e-06 
2.700444e-06 
2.695091e-06 
2.689754e-06 
2.684432e-06 
2.679126e-06 
2.673835e-06 
2.668560e-06 
2.663301e-06 
2.658057e-06 
2.652828e-06 
2.647614e-06 
2.642416e-06 
2.637232e-06 
2.632064e-06 
2.626911e-06 
2.621772e-06 
2.616649e-06 
2.611540e-06 
2.606447e-06 
2.601368e-06 
2.596303e-06 
2.591253e-06 
2.586218e-06 
2.581197e-06 
2.576191e-06 
2.571199e-06 
2.566221e-06 
2.561258e-06 
2.556309e-06 
2.551374e-06 
2.546453e-06 
2.541546e-06 
2.536654e-06 
2.531775e-06 
2.526910e-06 
2.522059e-06 
2.517221e-06 
2.512398e-06 
2.507588e-06 
2.502791e-06 
2.498009e-06 
2.493239e-06 
2.488484e-06 
2.483741e-06 
2.479012e-06 
2.474297e-06 
2.469595e-06 
2.464905e-06 
2.460229e-06 
2.455567e-06 
2.450917e-06 
2.446280e-06 
2.441656e-06 
2.437045e-06 
2.432447e-06 
2.427862e-06 
2.423290e-06 
2.418730e-06 
2.414183e-06 
2.409649e-06 
2.405127e-06 
2.400618e-06 
2.396121e-06 
2.391637e-06 
2.387165e-06 
2.382705e-06 
2.378258e-06 
2.373823e-06 
2.369400e-06 
2.364989e-06 
2.360591e-06 
2.356205e-06 
2.351830e-06 
2.347468e-06 
2.343117e-06 
2.338779e-06 
2.334452e-06 
2.330137e-06 
2.325834e-06 
2.321543e-06 
2.317263e-06 
2.312995e-06 
2.308739e-06 
2.304494e-06 
2.300260e-06 
2.296038e-06 
2.291828e-06 
2.287629e-06 
2.283441e-06 
2.279265e-06 
2.275099e-06 
2.270945e-06 
2.266803e-06 
2.262671e-06 
2.258550e-06 
2.254441e-06 
2.250342e-06 
2.246255e-06 
2.242178e-06 
2.238113e-06 
2.234058e-06 
2.230014e-06 
2.225981e-06 
2.221958e-06 
2.217947e-06 
2.213946e-06 
2.209955e-06 
2.205975e-06 
2.202006e-06 
2.198047e-06 
2.194099e-06 
2.190161e-06 
2.186233e-06 
2.182316e-06 
2.178409e-06 
2.174513e-06 
2.170627e-06 
2.166751e-06 
2.162885e-06 
2.159029e-06 
2.155183e-06 
2.151348e-06 
2.147522e-06 
2.143707e-06 
2.139901e-06 
2.136106e-06 
2.132326e-06 
2.128558e-06 
2.124800e-06 
2.121051e-06 
2.117312e-06 
2.113583e-06 
2.109864e-06 
2.106154e-06 
2.102454e-06 
2.098763e-06 
2.095082e-06 
2.091411e-06 
2.087749e-06 
2.084096e-06 
2.080452e-06 
2.076818e-06 
2.073194e-06 
2.069578e-06 
2.065972e-06 
2.062375e-06 
2.058787e-06 
2.055209e-06 
2.051639e-06 
2.048079e-06 
2.044527e-06 
2.040985e-06 
2.037451e-06 
2.033927e-06 
2.030411e-06 
2.026905e-06 
2.023407e-06 
2.019918e-06 
2.016438e-06 
2.012967e-06 
2.009504e-06 
2.006050e-06 
2.002605e-06 
1.999168e-06 
1.995740e-06 
1.992321e-06 
1.988910e-06 
1.985507e-06 
1.982114e-06 
1.978728e-06 
1.975351e-06 
1.971983e-06 
1.968622e-06 
1.965271e-06 
1.961927e-06 
1.958592e-06 
1.955265e-06 
1.951946e-06 
1.948635e-06 
1.945333e-06 
1.942039e-06 
1.938753e-06 
1.935474e-06 
1.932204e-06 
1.928942e-06 
1.925689e-06 
1.922442e-06 
1.919204e-06 
1.915974e-06 
1.912752e-06 
1.909538e-06 
1.906331e-06 
1.903132e-06 
1.899941e-06 
1.896758e-06 
1.893583e-06 
1.890415e-06 
1.887255e-06 
1.884103e-06 
1.880958e-06 
1.877821e-06 
1.874691e-06 
1.871569e-06 
1.868454e-06 
1.865347e-06 
1.862248e-06 
1.859155e-06 
1.856071e-06 
1.852993e-06 
1.849923e-06 
1.846861e-06 
1.843805e-06 
1.840757e-06 
1.837717e-06 
1.834683e-06 
1.831657e-06 
1.828638e-06 
1.825626e-06 
1.822621e-06 
1.819623e-06 
1.816633e-06 
1.813649e-06 
1.810673e-06 
1.807703e-06 
1.804741e-06 
1.801786e-06 
1.798837e-06 
1.795896e-06 
1.792961e-06 
1.790033e-06 
1.787112e-06 
1.784198e-06 
1.781291e-06 
1.778391e-06 
1.775497e-06 
1.772610e-06 
1.769730e-06 
1.766857e-06 
1.763990e-06 
1.761130e-06 
1.758276e-06 
1.755429e-06 
1.752589e-06 
1.749755e-06 
1.746928e-06 
1.744108e-06 
1.741294e-06 
1.738486e-06 
1.735685e-06 
1.732890e-06 
1.730102e-06 
1.727320e-06 
1.724544e-06 
1.721775e-06 
1.719013e-06 
1.716256e-06 
1.713506e-06 
1.710762e-06 
1.708024e-06 
1.705293e-06 
1.702568e-06 
1.699849e-06 
1.697136e-06 
1.694429e-06 
1.691729e-06 
1.689034e-06 
1.686346e-06 
1.683664e-06 
1.680987e-06 
1.678317e-06 
1.675653e-06 
1.672995e-06 
1.670343e-06 
1.667696e-06 
1.665056e-06 
1.662422e-06 
1.659793e-06 
1.657171e-06 
1.654561e-06 
1.651964e-06 
1.649373e-06 
1.646787e-06 
1.644207e-06 
1.641633e-06 
1.639065e-06 
1.636502e-06 
1.633945e-06 
1.631394e-06 
1.628848e-06 
1.626308e-06 
1.623773e-06 
1.621244e-06 
1.618721e-06 
1.616203e-06 
1.613690e-06 
1.611183e-06 
1.608681e-06 
1.606185e-06 
1.603694e-06 
1.601208e-06 
1.598728e-06 
1.596253e-06 
1.593783e-06 
1.591319e-06 
1.588860e-06 
1.586406e-06 
1.583958e-06 
1.581514e-06 
1.579076e-06 
1.576643e-06 
1.574215e-06 
1.571793e-06 
1.569375e-06 
1.566962e-06 
1.564555e-06 
1.562153e-06 
1.559755e-06 
1.557363e-06 
1.554975e-06 
1.552593e-06 
1.550216e-06 
1.547843e-06 
1.545476e-06 
1.543113e-06 
1.540755e-06 
1.538402e-06 
1.536054e-06 
1.533711e-06 
1.531373e-06 
1.529039e-06 
1.526710e-06 
1.524386e-06 
1.522067e-06 
1.519752e-06 
1.517442e-06 
1.515137e-06 
1.512836e-06 
1.510540e-06 
1.508249e-06 
1.505962e-06 
1.503680e-06 
1.501403e-06 
1.499130e-06 
1.496861e-06 
1.494597e-06 
1.492338e-06 
1.490083e-06 
1.487833e-06 
1.485587e-06 
1.483345e-06 
1.481108e-06 
1.478876e-06 
1.476647e-06 
1.474424e-06 
1.472204e-06 
1.469989e-06 
1.467778e-06 
1.465572e-06 
1.463369e-06 
1.461171e-06 
1.458978e-06 
1.456788e-06 
1.454603e-06 
1.452422e-06 
1.450245e-06 
1.448073e-06 
1.445905e-06 
1.443740e-06 
1.441580e-06 
1.439424e-06 
1.437272e-06 
1.435125e-06 
1.432981e-06 
1.430841e-06 
1.428706e-06 
1.426574e-06 
1.424447e-06 
1.422323e-06 
1.420204e-06 
1.418088e-06 
1.415977e-06 
1.413869e-06 
1.411765e-06 
1.409688e-06 
1.407617e-06 
1.405550e-06 
1.403487e-06 
1.401427e-06 
1.399371e-06 
1.397318e-06 
1.395270e-06 
1.393225e-06 
1.391183e-06 
1.389145e-06 
1.387111e-06 
1.385080e-06 
1.383052e-06 
1.381028e-06 
1.379007e-06 
1.376990e-06 
1.374976e-06 
1.372966e-06 
1.370958e-06 
1.368954e-06 
1.366953e-06 
1.364956e-06 
1.362961e-06 
1.360970e-06 
1.358982e-06 
1.356997e-06 
1.355015e-06 
1.353036e-06 
1.351060e-06 
1.349087e-06 
1.347117e-06 
1.345150e-06 
1.343186e-06 
1.341225e-06 
1.339267e-06 
1.337311e-06 
1.335358e-06 
1.333408e-06 
1.331461e-06 
1.329517e-06 
1.327575e-06 
1.325636e-06 
1.323700e-06 
1.321766e-06 
1.319835e-06 
1.317907e-06 
1.315981e-06 
1.314057e-06 
1.312136e-06 
1.310218e-06 
1.308302e-06 
1.306389e-06 
1.304478e-06 
1.302569e-06 
1.300663e-06 
1.298759e-06 
1.296857e-06 
1.294958e-06 
1.293061e-06 
1.291166e-06 
1.289273e-06 
1.287383e-06 
1.285495e-06 
1.283609e-06 
1.281725e-06 
1.279868e-06 
1.278038e-06 
1.276211e-06 
1.274384e-06 
1.272560e-06 
1.270737e-06 
1.268916e-06 
1.267095e-06 
1.265277e-06 
1.263459e-06 
1.261642e-06 
1.259826e-06 
1.258012e-06 
1.256198e-06 
1.254384e-06 
1.252572e-06 
1.250759e-06 
1.248948e-06 
1.247136e-06 
1.245325e-06 
1.243514e-06 
1.241703e-06 
1.239892e-06 
1.238081e-06 
1.236270e-06 
1.234458e-06 
1.232646e-06 
1.230834e-06 
1.229021e-06 
1.227207e-06 
1.225393e-06 
1.223578e-06 
1.221762e-06 
1.219945e-06 
1.218128e-06 
1.216309e-06 
1.214489e-06 
1.212667e-06 
1.210844e-06 
1.209020e-06 
1.207194e-06 
1.205367e-06 
1.203549e-06 
1.201784e-06 
1.200016e-06 
1.198246e-06 
1.196473e-06 
1.194697e-06 
1.192918e-06 
1.191134e-06 
1.189347e-06 
1.187556e-06 
1.185759e-06 
1.183958e-06 
1.182152e-06 
1.180340e-06 
1.178523e-06 
1.176699e-06 
1.174869e-06 
1.173033e-06 
1.171189e-06 
1.169339e-06 
1.167481e-06 
1.165616e-06 
1.163742e-06 
1.161860e-06 
1.159977e-06 
1.158087e-06 
1.156188e-06 
1.154280e-06 
1.152361e-06 
1.150433e-06 
1.148493e-06 
1.146543e-06 
1.144581e-06 
1.142607e-06 
1.140596e-06 
1.138571e-06 
1.136535e-06 
1.134488e-06 
1.132431e-06 
1.130365e-06 
1.128271e-06 
1.126170e-06 
1.124065e-06 
1.121958e-06 
1.119845e-06 
1.117728e-06 
1.115620e-06 
1.113526e-06 
1.111452e-06 
1.109418e-06 
1.107402e-06 
1.105401e-06 
1.103410e-06 
1.101474e-06 
1.099737e-06 
1.098003e-06 
1.096272e-06 
1.094545e-06 
1.092821e-06 
1.091101e-06 
1.089645e-06 
1.088397e-06 
1.087151e-06 
1.085907e-06 
1.084666e-06 
1.083427e-06 
1.082190e-06 
1.080956e-06 
1.079723e-06 
1.078728e-06 
1.077907e-06 
1.077092e-06 
1.076285e-06 
1.075487e-06 
1.074701e-06 
1.073930e-06 
1.073176e-06 
1.072472e-06 
1.071786e-06 
1.071114e-06 
1.070453e-06 
1.069800e-06 
1.069153e-06 
1.068509e-06 
1.067866e-06 
1.067170e-06 
1.066411e-06 
1.065648e-06 
1.064881e-06 
1.064109e-06 
1.063331e-06 
1.062547e-06 
1.061757e-06 
1.060960e-06 
1.060155e-06 
1.059342e-06 
1.058521e-06 
1.057690e-06 
1.056851e-06 
1.055956e-06 
1.055034e-06 
1.054102e-06 
1.053161e-06 
1.052211e-06 
1.051252e-06 
1.050285e-06 
1.049310e-06 
1.048327e-06 
1.047337e-06 
1.046339e-06 
1.045334e-06 
1.044322e-06 
1.043304e-06 
1.042279e-06 
1.041248e-06 
1.040212e-06 
1.039170e-06 
1.038123e-06 
1.037108e-06 
1.036092e-06 
1.035070e-06 
1.034044e-06 
1.033013e-06 
1.031979e-06 
1.030939e-06 
1.029896e-06 
1.028849e-06 
1.027799e-06 
1.026745e-06 
1.025687e-06 
1.024626e-06 
1.023563e-06 
1.022496e-06 
1.021426e-06 
1.020354e-06 
1.019280e-06 
1.018203e-06 
1.017124e-06 
1.016043e-06 
1.014960e-06 
1.013875e-06 
1.012789e-06 
1.011702e-06 
1.010613e-06 
1.009523e-06 
1.008432e-06 
1.007340e-06 
1.006247e-06 
1.005177e-06 
1.004115e-06 
1.003052e-06 
1.001989e-06 
1.000926e-06 
9.998621e-07 
9.987978e-07 
9.977332e-07 
9.966684e-07 
9.956032e-07 
9.945378e-07 
9.934723e-07 
9.924066e-07 
9.913407e-07 
9.902748e-07 
9.892089e-07 
9.881430e-07 
9.870770e-07 
9.860112e-07 
9.849455e-07 
9.838799e-07 
9.828144e-07 
9.817492e-07 
9.806842e-07 
9.796196e-07 
9.785552e-07 
9.774912e-07 
9.764275e-07 
9.753643e-07 
9.743015e-07 
9.732393e-07 
9.721775e-07 
9.711163e-07 
9.700557e-07 
9.689957e-07 
9.679363e-07 
9.668777e-07 
9.658198e-07 
9.647626e-07 
9.637062e-07 
9.626506e-07 
9.616063e-07 
9.605677e-07 
9.595299e-07 
9.584930e-07 
9.574569e-07 
9.564217e-07 
9.553873e-07 
9.543539e-07 
9.533213e-07 
9.522896e-07 
9.512588e-07 
9.502290e-07 
9.492000e-07 
9.481720e-07 
9.471449e-07 
9.461188e-07 
9.450936e-07 
9.440693e-07 
9.430461e-07 
9.420238e-07 
9.410024e-07 
9.399821e-07 
9.389628e-07 
9.379444e-07 
9.369271e-07 
9.359108e-07 
9.348955e-07 
9.338813e-07 
9.328681e-07 
9.318559e-07 
9.308448e-07 
9.298348e-07 
9.288258e-07 
9.278179e-07 
9.268111e-07 
9.258053e-07 
9.248007e-07 
9.237972e-07 
9.227947e-07 
9.217934e-07 
9.207932e-07 
9.197942e-07 
9.187963e-07 
9.177995e-07 
9.168039e-07 
9.158094e-07 
9.148161e-07 
9.138239e-07 
9.128330e-07 
9.118432e-07 
9.108546e-07 
9.098672e-07 
9.088810e-07 
9.078960e-07 
9.069123e-07 
9.059297e-07 
9.049484e-07 
9.039683e-07 
9.029895e-07 
9.020171e-07 
9.010476e-07 
9.000794e-07 
8.991125e-07 
8.981467e-07 
8.971822e-07 
8.962190e-07 
8.952569e-07 
8.942961e-07 
8.933365e-07 
8.923782e-07 
8.914211e-07 
8.904652e-07 
8.895106e-07 
8.885572e-07 
8.876050e-07 
8.866541e-07 
8.857044e-07 
8.847560e-07 
8.838088e-07 
8.828628e-07 
8.819180e-07 
8.809745e-07 
8.800322e-07 
8.790912e-07 
8.781514e-07 
8.772129e-07 
8.762755e-07 
8.753394e-07 
8.744046e-07 
8.734710e-07 
8.725386e-07 
8.716075e-07 
8.706776e-07 
8.697489e-07 
8.688215e-07 
8.678953e-07 
8.669704e-07 
8.660467e-07 
8.651242e-07 
8.642030e-07 
8.632830e-07 
8.623643e-07 
8.614468e-07 
8.605305e-07 
8.596155e-07 
8.587017e-07 
8.577892e-07 
8.568779e-07 
8.559678e-07 
8.550590e-07 
8.541514e-07 
8.532451e-07 
8.523400e-07 
8.514361e-07 
8.505335e-07 
8.496321e-07 
8.487320e-07 
8.478331e-07 
8.469354e-07 
8.460390e-07 
8.451438e-07 
8.442498e-07 
8.433571e-07 
8.424657e-07 
8.415755e-07 
8.406865e-07 
8.397987e-07 
8.389122e-07 
8.380270e-07 
8.371446e-07 
8.362637e-07 
8.353840e-07 
8.345056e-07 
8.336284e-07 
8.327524e-07 
8.318777e-07 
8.310041e-07 
8.301318e-07 
8.292608e-07 
8.283909e-07 
8.275223e-07 
8.266549e-07 
8.257887e-07 
8.249237e-07 
8.240599e-07 
8.231973e-07 
8.223360e-07 
8.214759e-07 
8.206169e-07 
8.197592e-07 
8.189027e-07 
8.180474e-07 
8.171933e-07 
8.163404e-07 
8.154887e-07 
8.146382e-07 
8.137889e-07 
8.129408e-07 
8.120938e-07 
8.112481e-07 
8.104036e-07 
8.095602e-07 
8.087181e-07 
8.078771e-07 
8.070373e-07 
8.061987e-07 
8.053613e-07 
8.045251e-07 
8.036901e-07 
8.028562e-07 
8.020235e-07 
8.011920e-07 
8.003616e-07 
7.995325e-07 
7.987045e-07 
7.978777e-07 
7.970520e-07 
7.962275e-07 
7.954042e-07 
7.945821e-07 
7.937611e-07 
7.929412e-07 
7.921226e-07 
7.913051e-07 
7.904887e-07 
7.896735e-07 
7.888595e-07 
7.880466e-07 
7.872349e-07 
7.864243e-07 
7.856149e-07 
7.848067e-07 
7.839995e-07 
7.831936e-07 
7.823887e-07 
7.815850e-07 
7.807825e-07 
7.799811e-07 
7.791808e-07 
7.783817e-07 
7.775837e-07 
7.767869e-07 
7.759912e-07 
7.751966e-07 
7.744031e-07 
7.736108e-07 
7.728196e-07 
7.720295e-07 
7.712406e-07 
7.704528e-07 
7.696661e-07 
7.688805e-07 
7.680961e-07 
7.673128e-07 
7.665321e-07 
7.657527e-07 
7.649744e-07 
7.641972e-07 
7.634212e-07 
7.626462e-07 
7.618723e-07 
7.610996e-07 
7.603279e-07 
7.595574e-07 
7.587879e-07 
7.580195e-07 
7.572523e-07 
7.564861e-07 
7.557210e-07 
7.549570e-07 
7.541941e-07 
7.534322e-07 
7.526715e-07 
7.519118e-07 
7.511533e-07 
7.503958e-07 
7.496393e-07 
7.488840e-07 
7.481297e-07 
7.473765e-07 
7.466244e-07 
7.458733e-07 
7.451233e-07 
7.443743e-07 
7.436265e-07 
7.428797e-07 
7.421339e-07 
7.413892e-07 
7.406456e-07 
7.399030e-07 
7.391615e-07 
7.384210e-07 
7.376815e-07 
7.369432e-07 
7.362058e-07 
7.354695e-07 
7.347343e-07 
7.340001e-07 
7.332669e-07 
7.325348e-07 
7.318037e-07 
7.310736e-07 
7.303446e-07 
7.296166e-07 
7.288897e-07 
7.281637e-07 
7.274388e-07 
7.267149e-07 
7.259921e-07 
7.252702e-07 
7.245494e-07 
7.238296e-07 
7.231109e-07 
7.223931e-07 
7.216763e-07 
7.209606e-07 
7.202459e-07 
7.195322e-07 
7.188194e-07 
7.181077e-07 
7.173970e-07 
7.166874e-07 
7.159787e-07 
7.152710e-07 
7.145643e-07 
7.138586e-07 
7.131539e-07 
7.124501e-07 
7.117474e-07 
7.110457e-07 
7.103450e-07 
7.096452e-07 
7.089464e-07 
7.082487e-07 
7.075519e-07 
7.068561e-07 
7.061612e-07 
7.054674e-07 
7.047745e-07 
7.040826e-07 
7.033916e-07 
7.027017e-07 
7.020127e-07 
7.013247e-07 
7.006376e-07 
6.999515e-07 
6.992664e-07 
6.985822e-07 
6.978991e-07 
6.972168e-07 
6.965355e-07 
6.958552e-07 
6.951759e-07 
6.944975e-07 
6.938200e-07 
6.931435e-07 
6.924679e-07 
6.917933e-07 
6.911197e-07 
6.904470e-07 
6.897752e-07 
6.891044e-07 
6.884345e-07 
6.877664e-07 
6.870993e-07 
6.864331e-07 
6.857679e-07 
6.851036e-07 
6.844402e-07 
6.837778e-07 
6.831163e-07 
6.824557e-07 
6.817960e-07 
6.811372e-07 
6.804794e-07 
6.798225e-07 
6.791665e-07 
6.785114e-07 
6.778573e-07 
6.772040e-07 
6.765517e-07 
6.759002e-07 
6.752497e-07 
6.746001e-07 
6.739514e-07 
6.733036e-07 
6.726567e-07 
6.720107e-07 
6.713655e-07 
6.707213e-07 
6.700780e-07 
6.694356e-07 
6.687941e-07 
6.681534e-07 
6.675137e-07 
6.668748e-07 
6.662368e-07 
6.655997e-07 
6.649635e-07 
6.643282e-07 
6.636937e-07 
6.630601e-07 
6.624274e-07 
6.617956e-07 
6.611647e-07 
6.605346e-07 
6.599054e-07 
6.592770e-07 
6.586496e-07 
6.580230e-07 
6.573972e-07 
6.567724e-07 
6.561483e-07 
6.555252e-07 
6.549029e-07 
6.542815e-07 
6.536609e-07 
6.530411e-07 
6.524223e-07 
6.518042e-07 
6.511871e-07 
6.505707e-07 
6.499553e-07 
6.493406e-07 
6.487268e-07 
6.481139e-07 
6.475018e-07 
6.468905e-07 
6.462801e-07 
6.456705e-07 
6.450618e-07 
6.444539e-07 
6.438468e-07 
6.432405e-07 
6.426351e-07 
6.420305e-07 
6.414267e-07 
6.408238e-07 
6.402217e-07 
6.396204e-07 
6.390199e-07 
6.384202e-07 
6.378214e-07 
6.372234e-07 
6.366262e-07 
6.360298e-07 
6.354342e-07 
6.348395e-07 
6.342455e-07 
6.336524e-07 
6.330601e-07 
6.324685e-07 
6.318778e-07 
6.312879e-07 
6.306988e-07 
6.301105e-07 
6.295229e-07 
6.289362e-07 
6.283503e-07 
6.277652e-07 
6.271809e-07 
6.265973e-07 
6.260146e-07 
6.254326e-07 
6.248515e-07 
6.242711e-07 
6.236915e-07 
6.231127e-07 
6.225347e-07 
6.219574e-07 
6.213810e-07 
6.208053e-07 
6.202304e-07 
6.196563e-07 
6.190829e-07 
6.185104e-07 
6.179386e-07 
6.173676e-07 
6.167973e-07 
6.162278e-07 
6.156591e-07 
6.150912e-07 
6.145240e-07 
6.139576e-07 
6.133919e-07 
6.128270e-07 
6.122629e-07 
6.116995e-07 
6.111369e-07 
6.105750e-07 
6.100139e-07 
6.094536e-07 
6.088940e-07 
6.083352e-07 
6.077771e-07 
6.072198e-07 
6.066637e-07 
6.061083e-07 
6.055537e-07 
6.049998e-07 
6.044466e-07 
6.038942e-07 
6.033425e-07 
6.027916e-07 
6.022414e-07 
6.016919e-07 
6.011432e-07 
6.005952e-07 
6.000480e-07 
5.995014e-07 
5.989556e-07 
5.984106e-07 
5.978662e-07 
5.973226e-07 
5.967797e-07 
5.962376e-07 
5.956961e-07 
5.951554e-07 
5.946154e-07 
5.940761e-07 
5.935375e-07 
5.929997e-07 
5.924625e-07 
5.919261e-07 
5.913904e-07 
5.908554e-07 
5.903211e-07 
5.897875e-07 
5.892546e-07 
5.887224e-07 
5.881910e-07 
5.876602e-07 
5.871302e-07 
5.866008e-07 
5.860721e-07 
5.855442e-07 
5.850169e-07 
5.844903e-07 
5.839645e-07 
5.834393e-07 
5.829148e-07 
5.823910e-07 
5.818679e-07 
5.813455e-07 
5.808238e-07 
5.803028e-07 
5.797824e-07 
5.792627e-07 
5.787438e-07 
5.782255e-07 
5.777079e-07 
5.771909e-07 
5.766747e-07 
5.761591e-07 
5.756442e-07 
5.751299e-07 
5.746164e-07 
5.741035e-07 
5.735913e-07 
5.730798e-07 
5.725689e-07 
5.720587e-07 
5.715492e-07 
5.710403e-07 
5.705321e-07 
5.700246e-07 
5.695177e-07 
5.690115e-07 
5.685060e-07 
5.680011e-07 
5.674968e-07 
5.669933e-07 
5.664904e-07 
5.659881e-07 
5.654865e-07 
5.649856e-07 
5.644853e-07 
5.639856e-07 
5.634866e-07 
5.629883e-07 
5.624906e-07 
5.619935e-07 
5.614971e-07 
5.610013e-07 
5.605062e-07 
5.600117e-07 
5.595179e-07 
5.590247e-07 
5.585322e-07 
5.580402e-07 
5.575490e-07 
5.570583e-07 
5.565683e-07 
5.560789e-07 
5.555902e-07 
5.551021e-07 
5.546146e-07 
5.541277e-07 
5.536415e-07 
5.531559e-07 
5.526710e-07 
5.521866e-07 
5.517029e-07 
5.512198e-07 
5.507373e-07 
5.502555e-07 
5.497743e-07 
5.492936e-07 
5.488137e-07 
5.483343e-07 
5.478555e-07 
5.473774e-07 
5.468999e-07 
5.464229e-07 
5.459466e-07 
5.454710e-07 
5.449959e-07 
5.445214e-07 
5.440475e-07 
5.435743e-07 
5.431016e-07 
5.426296e-07 
5.421582e-07 
5.416873e-07 
5.412171e-07 
5.407475e-07 
5.402784e-07 
5.398100e-07 
5.393422e-07 
5.388749e-07 
5.384083e-07 
5.379423e-07 
5.374768e-07 
5.370119e-07 
5.365477e-07 
5.360840e-07 
5.356209e-07 
5.351584e-07 
5.346965e-07 
5.342352e-07 
5.337745e-07 
5.333144e-07 
5.328549e-07 
5.323960e-07 
5.319378e-07 
5.314802e-07 
5.310231e-07 
5.305666e-07 
5.301107e-07 
5.296554e-07 
5.292007e-07 
5.287465e-07 
5.282929e-07 
5.278399e-07 
5.273874e-07 
5.269356e-07 
5.264843e-07 
5.260335e-07 
5.255834e-07 
5.251338e-07 
5.246847e-07 
5.242363e-07 
5.237884e-07 
5.233410e-07 
5.228943e-07 
5.224481e-07 
5.220024e-07 
5.215573e-07 
5.211128e-07 
5.206688e-07 
5.202254e-07 
5.197826e-07 
5.193403e-07 
5.188986e-07 
5.184574e-07 
5.180168e-07 
5.175767e-07 
5.171372e-07 
5.166982e-07 
5.162598e-07 
5.158219e-07 
5.153846e-07 
5.149478e-07 
5.145116e-07 
5.140759e-07 
5.136407e-07 
5.132061e-07 
5.127721e-07 
5.123386e-07 
5.119056e-07 
5.114732e-07 
5.110413e-07 
5.106099e-07 
5.101791e-07 
5.097488e-07 
5.093191e-07 
5.088899e-07 
5.084612e-07 
5.080330e-07 
5.076054e-07 
5.071784e-07 
5.067518e-07 
5.063258e-07 
5.059003e-07 
5.054753e-07 
5.050509e-07 
5.046270e-07 
5.042036e-07 
5.037807e-07 
5.033584e-07 
5.029366e-07 
5.025153e-07 
5.020945e-07 
5.016743e-07 
5.012546e-07 
5.008354e-07 
5.004167e-07 
4.999985e-07 
4.995808e-07 
4.991637e-07 
4.987471e-07 
4.983309e-07 
4.979153e-07 
4.975003e-07 
4.970857e-07 
4.966716e-07 
4.962580e-07 
4.958450e-07 
4.954324e-07 
4.950204e-07 
4.946089e-07 
4.941979e-07 
4.937873e-07 
4.933773e-07 
4.929678e-07 
4.925588e-07 
4.921503e-07 
4.917423e-07 
4.913348e-07 
4.909278e-07 
4.905213e-07 
4.901152e-07 
4.897097e-07 
4.893047e-07 
4.889002e-07 
4.884961e-07 
4.880926e-07 
4.876896e-07 
4.872870e-07 
4.868849e-07 
4.864834e-07 
4.860823e-07 
4.856817e-07 
4.852816e-07 
4.848820e-07 
4.844828e-07 
4.840842e-07 
4.836860e-07 
4.832883e-07 
4.828911e-07 
4.824944e-07 
4.820982e-07 
4.817025e-07 
4.813072e-07 
4.809124e-07 
4.805181e-07 
4.801243e-07 
4.797309e-07 
4.793380e-07 
4.789456e-07 
4.785537e-07 
4.781622e-07 
4.777713e-07 
4.773807e-07 
4.769907e-07 
4.766012e-07 
4.762121e-07 
4.758234e-07 
4.754353e-07 
4.750476e-07 
4.746604e-07 
4.742736e-07 
4.738873e-07 
4.735015e-07 
4.731162e-07 
4.727313e-07 
4.723468e-07 
4.719629e-07 
4.715794e-07 
4.711963e-07 
4.708137e-07 
4.704316e-07 
4.700500e-07 
4.696687e-07 
4.692880e-07 
4.689077e-07 
4.685279e-07 
4.681485e-07 
4.677696e-07 
4.673911e-07 
4.670131e-07 
4.666355e-07 
4.662584e-07 
4.658817e-07 
4.655055e-07 
4.651298e-07 
4.647544e-07 
4.643796e-07 
4.640052e-07 
4.636312e-07 
4.632577e-07 
4.628846e-07 
4.625119e-07 
4.621397e-07 
4.617680e-07 
4.613967e-07 
4.610258e-07 
4.606554e-07 
4.602854e-07 
4.599159e-07 
4.595468e-07 
4.591781e-07 
4.588099e-07 
4.584421e-07 
4.580748e-07 
4.577078e-07 
4.573414e-07 
4.569753e-07 
4.566097e-07 
4.562445e-07 
4.558798e-07 
4.555155e-07 
4.551516e-07 
4.547881e-07 
4.544251e-07 
4.540625e-07 
4.537004e-07 
4.533386e-07 
4.529773e-07 
4.526164e-07 
4.522560e-07 
4.518959e-07 
4.515363e-07 
4.511772e-07 
4.508184e-07 
4.504601e-07 
4.501021e-07 
4.497447e-07 
4.493876e-07 
4.490309e-07 
4.486747e-07 
4.483189e-07 
4.479635e-07 
4.476088e-07 
4.472544e-07 
4.469005e-07 
4.465470e-07 
4.461939e-07 
4.458412e-07 
4.454889e-07 
4.451370e-07 
4.447856e-07 
4.444345e-07 
4.440839e-07 
4.437337e-07 
4.433839e-07 
4.430345e-07 
4.426855e-07 
4.423369e-07 
4.419887e-07 
4.416409e-07 
4.412936e-07 
4.409466e-07 
4.406000e-07 
4.402539e-07 
4.399081e-07 
4.395628e-07 
4.392179e-07 
4.388733e-07 
4.385292e-07 
4.381854e-07 
4.378421e-07 
4.374991e-07 
4.371566e-07 
4.368145e-07 
4.364727e-07 
4.361314e-07 
4.357904e-07 
4.354498e-07 
4.351097e-07 
4.347699e-07 
4.344305e-07 
4.340915e-07 
4.337529e-07 
4.334147e-07 
4.330769e-07 
4.327395e-07 
4.324025e-07 
4.320658e-07 
4.317296e-07 
4.313937e-07 
4.310582e-07 
4.307231e-07 
4.303884e-07 
4.300541e-07 
4.297202e-07 
4.293866e-07 
4.290535e-07 
4.287207e-07 
4.283883e-07 
4.280563e-07 
4.277246e-07 
4.273934e-07 
4.270625e-07 
4.267320e-07 
4.264019e-07 
4.260722e-07 
4.257428e-07 
4.254139e-07 
4.250853e-07 
4.247570e-07 
4.244292e-07 
4.241017e-07 
4.237746e-07 
4.234479e-07 
4.231215e-07 
4.227956e-07 
4.224700e-07 
4.221447e-07 
4.218199e-07 
4.214954e-07 
4.211713e-07 
4.208475e-07 
4.205241e-07 
4.202011e-07 
4.198785e-07 
4.195562e-07 
4.192343e-07 
4.189128e-07 
4.185916e-07 
4.182708e-07 
4.179503e-07 
4.176302e-07 
4.173105e-07 
4.169912e-07 
4.166722e-07 
4.163535e-07 
4.160353e-07 
4.157174e-07 
4.153998e-07 
4.150826e-07 
4.147658e-07 
4.144493e-07 
4.141332e-07 
4.138175e-07 
4.135021e-07 
4.131870e-07 
4.128724e-07 
4.125580e-07 
4.122441e-07 
4.119305e-07 
4.116172e-07 
4.113043e-07 
4.109917e-07 
4.106795e-07 
4.103677e-07 
4.100562e-07 
4.097450e-07 
4.094342e-07 
4.091238e-07 
4.088137e-07 
4.085039e-07 
4.081945e-07 
4.078855e-07 
4.075768e-07 
4.072684e-07 
4.069604e-07 
4.066527e-07 
4.063454e-07 
4.060384e-07 
4.057318e-07 
4.054255e-07 
4.051196e-07 
4.048139e-07 
4.045087e-07 
4.042038e-07 
4.038992e-07 
4.035949e-07 
4.032911e-07 
4.029875e-07 
4.026843e-07 
4.023814e-07 
4.020789e-07 
4.017766e-07 
4.014748e-07 
4.011733e-07 
4.008721e-07 
4.005712e-07 
4.002707e-07 
3.999705e-07 
3.996706e-07 
3.993711e-07 
3.990719e-07 
3.987731e-07 
3.984746e-07 
3.981764e-07 
3.978785e-07 
3.975810e-07 
3.972838e-07 
3.969869e-07 
3.966904e-07 
3.963942e-07 
3.960983e-07 
3.958027e-07 
3.955075e-07 
3.952126e-07 
3.949180e-07 
3.946238e-07 
3.943299e-07 
3.940363e-07 
3.937430e-07 
3.934501e-07 
3.931574e-07 
3.928651e-07 
3.925732e-07 
3.922815e-07 
3.919902e-07 
3.916992e-07 
3.914085e-07 
3.911181e-07 
3.908281e-07 
3.905383e-07 
3.902489e-07 
3.899598e-07 
3.896711e-07 
3.893826e-07 
3.890945e-07 
3.888066e-07 
3.885191e-07 
3.882320e-07 
3.879451e-07 
3.876585e-07 
3.873723e-07 
3.870863e-07 
3.868007e-07 
3.865154e-07 
3.862304e-07 
3.859457e-07 
3.856614e-07 
3.853773e-07 
3.850936e-07 
3.848101e-07 
3.845270e-07 
3.842442e-07 
3.839617e-07 
3.836795e-07 
3.833976e-07 
3.831160e-07 
3.828347e-07 
3.825538e-07 
3.822731e-07 
3.819928e-07 
3.817127e-07 
3.814330e-07 
3.811535e-07 
3.808744e-07 
3.805956e-07 
3.803170e-07 
3.800388e-07 
3.797609e-07 
3.794833e-07 
3.792059e-07 
3.789289e-07 
3.786522e-07 
3.783758e-07 
3.780997e-07 
3.778239e-07 
3.775483e-07 
3.772731e-07 
3.769982e-07 
3.767236e-07 
3.764492e-07 
3.761752e-07 
3.759015e-07 
3.756281e-07 
3.753549e-07 
3.750821e-07 
3.748095e-07 
3.745373e-07 
3.742653e-07 
3.739936e-07 
3.737223e-07 
3.734512e-07 
3.731804e-07 
3.729099e-07 
3.726397e-07 
3.723698e-07 
3.721001e-07 
3.718308e-07 
3.715618e-07 
3.712930e-07 
3.710245e-07 
3.707564e-07 
3.704885e-07 
3.702209e-07 
3.699536e-07 
3.696865e-07 
3.694198e-07 
3.691533e-07 
3.688872e-07 
3.686213e-07 
3.683557e-07 
3.680904e-07 
3.678253e-07 
3.675606e-07 
3.672961e-07 
3.670320e-07 
3.667681e-07 
3.665044e-07 
3.662411e-07 
3.659781e-07 
3.657153e-07 
3.654528e-07 
3.651906e-07 
3.649287e-07 
3.646670e-07 
3.644057e-07 
3.641446e-07 
3.638838e-07 
3.636232e-07 
3.633630e-07 
3.631030e-07 
3.628433e-07 
3.625839e-07 
3.623247e-07 
3.620658e-07 
3.618072e-07 
3.615489e-07 
3.612909e-07 
3.610331e-07 
3.607756e-07 
3.605183e-07 
3.602614e-07 
3.600048e-07 
3.597486e-07 
3.594926e-07 
3.592369e-07 
3.589815e-07 
3.587264e-07 
3.584715e-07 
3.582170e-07 
3.579626e-07 
3.577086e-07 
3.574548e-07 
3.572013e-07 
3.569480e-07 
3.566950e-07 
3.564423e-07 
3.561899e-07 
3.559377e-07 
3.556858e-07 
3.554341e-07 
3.551827e-07 
3.549316e-07 
3.546808e-07 
3.544302e-07 
3.541798e-07 
3.539298e-07 
3.536800e-07 
3.534304e-07 
3.531812e-07 
3.529321e-07 
3.526834e-07 
3.524349e-07 
3.521867e-07 
3.519387e-07 
3.516910e-07 
3.514435e-07 
3.511963e-07 
3.509494e-07 
3.507027e-07 
3.504563e-07 
3.502101e-07 
3.499642e-07 
3.497186e-07 
3.494732e-07 
3.492281e-07 
3.489832e-07 
3.487386e-07 
3.484942e-07 
3.482501e-07 
3.480062e-07 
3.477626e-07 
3.475193e-07 
3.472762e-07 
3.470334e-07 
3.467908e-07 
3.465484e-07 
3.463063e-07 
3.460645e-07 
3.458229e-07 
3.455816e-07 
3.453405e-07 
3.450997e-07 
3.448591e-07 
3.446188e-07 
3.443787e-07 
3.441389e-07 
3.438993e-07 
3.436600e-07 
3.434209e-07 
3.431821e-07 
3.429435e-07 
3.427051e-07 
3.424670e-07 
3.422292e-07 
3.419916e-07 
3.417542e-07 
3.415171e-07 
3.412803e-07 
3.410436e-07 
3.408073e-07 
3.405711e-07 
3.403352e-07 
3.400996e-07 
3.398642e-07 
3.396290e-07 
3.393941e-07 
3.391594e-07 
3.389250e-07 
3.386908e-07 
3.384569e-07 
3.382231e-07 
3.379897e-07 
3.377564e-07 
3.375234e-07 
3.372907e-07 
3.370582e-07 
3.368259e-07 
3.365939e-07 
3.363621e-07 
3.361305e-07 
3.358992e-07 
3.356681e-07 
3.354373e-07 
3.352066e-07 
3.349763e-07 
3.347461e-07 
3.345162e-07 
3.342866e-07 
3.340571e-07 
3.338279e-07 
3.335990e-07 
3.333702e-07 
3.331417e-07 
3.329135e-07 
3.326854e-07 
3.324576e-07 
3.322301e-07 
3.320027e-07 
3.317756e-07 
3.315488e-07 
3.313221e-07 
3.310957e-07 
3.308695e-07 
3.306436e-07 
3.304179e-07 
3.301924e-07 
3.299671e-07 
3.297421e-07 
3.295173e-07 
3.292927e-07 
3.290683e-07 
3.288442e-07 
3.286203e-07 
3.283967e-07 
3.281732e-07 
3.279500e-07 
3.277270e-07 
3.275043e-07 
3.272817e-07 
3.270594e-07 
3.268374e-07 
3.266155e-07 
3.263939e-07 
3.261724e-07 
3.259513e-07 
3.257303e-07 
3.255096e-07 
3.252890e-07 
3.250687e-07 
3.248487e-07 
3.246288e-07 
3.244092e-07 
3.241898e-07 
3.239706e-07 
3.237516e-07 
3.235329e-07 
3.233144e-07 
3.230961e-07 
3.228780e-07 
3.226601e-07 
3.224425e-07 
3.222250e-07 
3.220078e-07 
3.217908e-07 
3.215741e-07 
3.213575e-07 
3.211412e-07 
3.209250e-07 
3.207091e-07 
3.204934e-07 
3.202780e-07 
3.200627e-07 
3.198477e-07 
3.196328e-07 
3.194182e-07 
3.192038e-07 
3.189897e-07 
3.187757e-07 
3.185619e-07 
3.183484e-07 
3.181351e-07 
3.179220e-07 
3.177091e-07 
3.174964e-07 
3.172839e-07 
3.170716e-07 
3.168596e-07 
3.166477e-07 
3.164361e-07 
3.162247e-07 
3.160135e-07 
3.158025e-07 
3.155917e-07 
3.153811e-07 
3.151707e-07 
3.149606e-07 
3.147506e-07 
3.145409e-07 
3.143313e-07 
3.141220e-07 
5.806934e-05 
5.608574e-05 
5.418902e-05 
5.234840e-05 
5.058773e-05 
4.890278e-05 
4.728961e-05 
4.574452e-05 
4.426401e-05 
4.284482e-05 
4.148386e-05 
4.017824e-05 
3.892522e-05 
3.772223e-05 
3.656685e-05 
3.545680e-05 
3.438990e-05 
3.336413e-05 
3.237757e-05 
3.142838e-05 
3.051486e-05 
2.963537e-05 
2.878837e-05 
2.796194e-05 
2.716585e-05 
2.639875e-05 
2.565935e-05 
2.494644e-05 
2.425887e-05 
2.359555e-05 
2.295544e-05 
2.233755e-05 
2.174096e-05 
2.116476e-05 
2.060811e-05 
2.007021e-05 
1.955028e-05 
1.904761e-05 
1.856149e-05 
1.809127e-05 
1.763630e-05 
1.719600e-05 
1.676978e-05 
1.635711e-05 
1.595745e-05 
1.557030e-05 
1.519520e-05 
1.483169e-05 
1.447932e-05 
1.413769e-05 
1.380640e-05 
1.348507e-05 
1.317333e-05 
1.287084e-05 
1.257726e-05 
1.229227e-05 
1.201557e-05 
1.174686e-05 
1.148587e-05 
1.123232e-05 
1.098596e-05 
1.074653e-05 
1.051381e-05 
1.028514e-05 
1.006285e-05 
9.846710e-06 
9.636523e-06 
9.432087e-06 
9.233212e-06 
9.039712e-06 
8.851411e-06 
8.668141e-06 
8.489736e-06 
8.316041e-06 
8.146904e-06 
7.982179e-06 
7.821728e-06 
7.665414e-06 
7.513108e-06 
7.364685e-06 
7.220025e-06 
7.079012e-06 
6.941534e-06 
6.807483e-06 
6.676755e-06 
6.549249e-06 
6.424871e-06 
6.303525e-06 
6.185122e-06 
6.069575e-06 
5.956800e-06 
5.846717e-06 
5.739247e-06 
5.634314e-06 
5.531846e-06 
5.431772e-06 
5.334025e-06 
5.238538e-06 
5.145247e-06 
5.054091e-06 
4.965011e-06 
4.877949e-06 
4.792849e-06 
4.709141e-06 
4.627309e-06 
4.547304e-06 
4.469075e-06 
4.392574e-06 
4.317755e-06 
4.244573e-06 
4.172984e-06 
4.102947e-06 
4.034419e-06 
3.967362e-06 
3.901738e-06 
3.837508e-06 
3.774637e-06 
3.713090e-06 
3.652832e-06 
3.593832e-06 
3.536057e-06 
3.479475e-06 
3.424058e-06 
3.369776e-06 
3.316600e-06 
3.264503e-06 
3.213458e-06 
3.163440e-06 
3.114424e-06 
3.066384e-06 
3.019297e-06 
2.973141e-06 
2.927892e-06 
2.883530e-06 
7.043610e-06 
6.933531e-06 
6.825639e-06 
6.719882e-06 
6.616209e-06 
6.514568e-06 
6.414914e-06 
6.317197e-06 
6.221373e-06 
6.127398e-06 
6.035228e-06 
5.944821e-06 
5.856137e-06 
5.769135e-06 
5.683777e-06 
5.600026e-06 
5.517859e-06 
5.437277e-06 
5.358193e-06 
5.280573e-06 
5.204383e-06 
5.129592e-06 
5.056169e-06 
4.984083e-06 
4.913305e-06 
4.843806e-06 
4.775558e-06 
4.708535e-06 
4.642708e-06 
4.578053e-06 
4.514544e-06 
4.452157e-06 
4.390867e-06 
4.330652e-06 
5.871269e-06 
5.797104e-06 
5.724151e-06 
5.652384e-06 
5.581780e-06 
5.512316e-06 
5.443924e-06 
5.376591e-06 
5.310333e-06 
5.245131e-06 
5.180964e-06 
5.117811e-06 
5.827251e-06 
5.753731e-06 
5.681400e-06 
5.610233e-06 
5.540208e-06 
5.471302e-06 
5.403493e-06 
5.336761e-06 
5.271084e-06 
5.206443e-06 
5.142816e-06 
5.080186e-06 
5.018533e-06 
4.957838e-06 
4.898083e-06 
4.839251e-06 
4.781324e-06 
4.724285e-06 
4.668118e-06 
4.612807e-06 
4.558335e-06 
4.504687e-06 
4.451848e-06 
4.399469e-06 
4.347879e-06 
4.297062e-06 
4.247006e-06 
4.197696e-06 
4.149118e-06 
4.101260e-06 
4.054108e-06 
4.007650e-06 
3.961873e-06 
3.916765e-06 
3.872315e-06 
3.828510e-06 
3.785340e-06 
3.742792e-06 
3.700857e-06 
3.659523e-06 
3.618780e-06 
3.578618e-06 
3.539026e-06 
3.499995e-06 
3.461515e-06 
3.423577e-06 
3.386171e-06 
3.349288e-06 
3.312920e-06 
3.277057e-06 
3.241691e-06 
3.206814e-06 
3.172418e-06 
3.138493e-06 
3.105034e-06 
3.072031e-06 
3.039478e-06 
3.007366e-06 
2.975689e-06 
2.944439e-06 
2.913609e-06 
2.883193e-06 
2.853183e-06 
2.823574e-06 
2.794358e-06 
2.765529e-06 
2.737082e-06 
2.709009e-06 
2.681305e-06 
2.653964e-06 
2.626980e-06 
2.600348e-06 
2.574062e-06 
2.548116e-06 
2.522505e-06 
2.497224e-06 
2.472268e-06 
2.447631e-06 
2.423309e-06 
2.399296e-06 
2.375589e-06 
2.352182e-06 
2.329070e-06 
2.306249e-06 
2.283715e-06 
2.261463e-06 
2.239489e-06 
2.217789e-06 
2.196358e-06 
2.175193e-06 
2.154289e-06 
2.133643e-06 
2.113250e-06 
2.093107e-06 
2.073210e-06 
2.053556e-06 
2.034141e-06 
2.014961e-06 
1.996013e-06 
1.977293e-06 
1.958799e-06 
1.940526e-06 
1.922472e-06 
1.904633e-06 
1.887007e-06 
1.869590e-06 
1.852379e-06 
1.835371e-06 
1.818563e-06 
1.801953e-06 
1.785538e-06 
1.769314e-06 
1.753280e-06 
1.737431e-06 
1.721767e-06 
1.706284e-06 
1.690979e-06 
1.675851e-06 
1.660896e-06 
1.646112e-06 
1.631497e-06 
1.617049e-06 
1.602765e-06 
1.588378e-06 
1.574156e-06 
1.560096e-06 
1.546197e-06 
1.532456e-06 
1.518872e-06 
1.505441e-06 
1.492162e-06 
1.479033e-06 
1.466052e-06 
1.453216e-06 
1.440524e-06 
1.427974e-06 
1.415564e-06 
1.403291e-06 
1.391155e-06 
1.379152e-06 
1.367283e-06 
1.355543e-06 
1.343933e-06 
1.332450e-06 
1.321092e-06 
1.309859e-06 
1.298747e-06 
1.287756e-06 
1.276884e-06 
1.266129e-06 
1.255490e-06 
1.244966e-06 
1.234554e-06 
1.224254e-06 
1.214064e-06 
1.203982e-06 
1.194007e-06 
1.184138e-06 
1.174373e-06 
1.164712e-06 
1.155152e-06 
1.145692e-06 
1.136332e-06 
1.127069e-06 
1.117904e-06 
1.108833e-06 
1.099857e-06 
1.090973e-06 
1.082182e-06 
1.073481e-06 
1.064869e-06 
1.056346e-06 
1.047911e-06 
1.039561e-06 
1.031297e-06 
1.023117e-06 
1.015019e-06 
1.007004e-06 
9.990700e-07 
9.912158e-07 
9.834407e-07 
9.757436e-07 
9.681237e-07 
9.605799e-07 
9.531114e-07 
9.457172e-07 
9.383964e-07 
9.311482e-07 
9.239717e-07 
9.168660e-07 
9.098302e-07 
9.028636e-07 
8.959652e-07 
8.891344e-07 
8.823702e-07 
8.756719e-07 
8.690388e-07 
8.624699e-07 
8.559647e-07 
8.495223e-07 
8.431420e-07 
8.368230e-07 
8.305647e-07 
8.243663e-07 
8.182272e-07 
8.121466e-07 
8.061239e-07 
8.001584e-07 
7.942494e-07 
7.883963e-07 
7.825985e-07 
7.768553e-07 
7.711661e-07 
7.655302e-07 
7.599471e-07 
7.544162e-07 
7.489368e-07 
7.435084e-07 
7.381304e-07 
7.328023e-07 
7.275234e-07 
7.222932e-07 
7.171112e-07 
7.119769e-07 
7.068896e-07 
7.018489e-07 
6.968543e-07 
6.919052e-07 
6.870012e-07 
6.821416e-07 
6.773262e-07 
6.725543e-07 
6.678254e-07 
6.631392e-07 
6.584951e-07 
6.538927e-07 
6.493316e-07 
6.448112e-07 
6.403311e-07 
6.358909e-07 
6.314902e-07 
6.271285e-07 
6.228055e-07 
6.185206e-07 
6.142735e-07 
6.100638e-07 
6.058910e-07 
6.017549e-07 
5.976550e-07 
5.935908e-07 
5.895621e-07 
5.855684e-07 
5.816095e-07 
5.776848e-07 
5.737941e-07 
5.699369e-07 
5.661131e-07 
5.623221e-07 
5.585636e-07 
5.548374e-07 
5.511430e-07 
5.474802e-07 
5.438486e-07 
5.402479e-07 
5.366777e-07 
5.331378e-07 
5.296279e-07 
5.261476e-07 
5.226966e-07 
5.192746e-07 
5.158814e-07 
5.125166e-07 
5.091799e-07 
5.058711e-07 
5.025899e-07 
4.993359e-07 
4.961090e-07 
4.929089e-07 
4.897352e-07 
4.865877e-07 
4.834662e-07 
4.803703e-07 
4.772999e-07 
4.742547e-07 
4.712344e-07 
4.682387e-07 
4.652675e-07 
4.623205e-07 
4.593974e-07 
4.564980e-07 
4.536221e-07 
4.507695e-07 
4.479398e-07 
4.451330e-07 
4.423487e-07 
4.395867e-07 
4.368469e-07 
4.341290e-07 
4.314328e-07 
4.287581e-07 
4.261046e-07 
4.234723e-07 
4.208608e-07 
4.182699e-07 
4.156995e-07 
4.131494e-07 
4.106194e-07 
4.081093e-07 
4.056188e-07 
4.031479e-07 
4.006962e-07 
3.982637e-07 
3.958502e-07 
3.934554e-07 
3.910792e-07 
3.887215e-07 
3.863819e-07 
3.840605e-07 
3.817569e-07 
3.794711e-07 
3.772029e-07 
3.749521e-07 
3.727185e-07 
3.704728e-07 
3.682436e-07 
3.660316e-07 
3.638366e-07 
3.616584e-07 
3.594970e-07 
3.573521e-07 
3.552235e-07 
3.531113e-07 
3.510151e-07 
3.489348e-07 
3.468703e-07 
3.448215e-07 
3.427881e-07 
3.407701e-07 
3.387673e-07 
3.367796e-07 
3.348069e-07 
3.328489e-07 
3.309056e-07 
3.289769e-07 
3.270625e-07 
3.251624e-07 
3.232764e-07 
3.214045e-07 
3.195464e-07 
3.177021e-07 
3.158714e-07 
3.140543e-07 
3.122505e-07 
3.104600e-07 
3.086827e-07 
3.069184e-07 
3.051670e-07 
3.034284e-07 
3.017025e-07 
2.999892e-07 
2.982884e-07 
2.965999e-07 
2.949236e-07 
2.932595e-07 
2.916074e-07 
2.899673e-07 
2.883390e-07 
2.867223e-07 
2.851173e-07 
2.835239e-07 
2.819418e-07 
2.803710e-07 
2.788115e-07 
2.772630e-07 
2.757256e-07 
2.741992e-07 
2.726835e-07 
2.711786e-07 
2.696843e-07 
2.682006e-07 
2.667273e-07 
2.652645e-07 
2.638119e-07 
2.623695e-07 
2.609372e-07 
2.595149e-07 
2.581026e-07 
2.567001e-07 
2.553074e-07 
2.539244e-07 
2.525509e-07 
2.511870e-07 
2.498326e-07 
2.484875e-07 
2.471517e-07 
2.458251e-07 
2.445076e-07 
2.431992e-07 
2.418998e-07 
2.406092e-07 
2.393275e-07 
2.380546e-07 
2.367903e-07 
2.355346e-07 
2.342875e-07 
2.330488e-07 
2.318186e-07 
2.305966e-07 
2.293830e-07 
2.281775e-07 
2.269801e-07 
2.257908e-07 
2.246095e-07 
2.234361e-07 
2.222706e-07 
2.211129e-07 
2.199629e-07 
2.188206e-07 
2.176859e-07 
2.165587e-07 
2.154391e-07 
2.143268e-07 
2.132219e-07 
2.121244e-07 
2.110340e-07 
2.099509e-07 
2.088749e-07 
2.078059e-07 
2.067440e-07 
2.056891e-07 
2.046410e-07 
2.035998e-07 
2.025654e-07 
2.015378e-07 
2.005168e-07 
1.995025e-07 
1.984947e-07 
1.974935e-07 
1.964987e-07 
1.955104e-07 
1.945285e-07 
1.935529e-07 
1.925836e-07 
1.916205e-07 
1.906636e-07 
1.897128e-07 
1.887681e-07 
1.878294e-07 
1.868967e-07 
1.859700e-07 
1.850492e-07 
1.841342e-07 
1.832250e-07 
1.823216e-07 
1.814239e-07 
1.805319e-07 
1.796455e-07 
1.787647e-07 
1.778894e-07 
1.770197e-07 
1.761554e-07 
1.752965e-07 
1.744430e-07 
1.735948e-07 
1.727519e-07 
1.719143e-07 
1.710819e-07 
1.702546e-07 
1.694325e-07 
1.686155e-07 
1.678035e-07 
1.669966e-07 
1.661947e-07 
1.653977e-07 
1.646056e-07 
1.638183e-07 
1.630359e-07 
1.622583e-07 
1.614855e-07 
1.607174e-07 
1.599540e-07 
1.591952e-07 
1.584411e-07 
1.576915e-07 
1.569465e-07 
1.562060e-07 
1.554700e-07 
1.547385e-07 
1.540114e-07 
1.532887e-07 
1.525703e-07 
1.518562e-07 
1.511465e-07 
1.504410e-07 
1.497397e-07 
1.490426e-07 
1.483497e-07 
1.476610e-07 
1.469763e-07 
1.462957e-07 
1.456192e-07 
1.449467e-07 
1.442782e-07 
1.436136e-07 
1.429530e-07 
1.422962e-07 
1.416434e-07 
1.409944e-07 
1.403492e-07 
1.397078e-07 
1.390702e-07 
1.384363e-07 
1.378061e-07 
1.371796e-07 
1.365568e-07 
1.359376e-07 
1.353220e-07 
1.347100e-07 
1.341016e-07 
1.334967e-07 
1.328952e-07 
1.322973e-07 
1.317027e-07 
1.311078e-07 
1.305164e-07 
1.299284e-07 
1.293437e-07 
1.287625e-07 
1.281846e-07 
1.276101e-07 
1.270388e-07 
1.264708e-07 
1.259061e-07 
1.253446e-07 
1.247864e-07 
1.242313e-07 
1.236794e-07 
1.231307e-07 
1.225850e-07 
1.220425e-07 
1.215031e-07 
1.209667e-07 
1.204334e-07 
1.199031e-07 
1.193757e-07 
1.188514e-07 
1.183300e-07 
1.178116e-07 
1.172961e-07 
1.167834e-07 
1.162737e-07 
1.157668e-07 
1.152627e-07 
1.147615e-07 
1.142631e-07 
1.137674e-07 
1.132745e-07 
1.127844e-07 
1.122970e-07 
1.118123e-07 
1.113302e-07 
1.108509e-07 
1.103742e-07 
1.099001e-07 
1.094286e-07 
1.089598e-07 
1.084935e-07 
1.080298e-07 
1.075686e-07 
1.071100e-07 
1.066539e-07 
1.062003e-07 
1.057491e-07 
1.053004e-07 
1.048542e-07 
1.044104e-07 
1.039690e-07 
1.035300e-07 
1.030934e-07 
1.026592e-07 
1.022273e-07 
1.017977e-07 
1.013705e-07 
1.009456e-07 
1.005229e-07 
1.001026e-07 
9.968448e-08 
9.926862e-08 
9.885500e-08 
9.844359e-08 
9.803438e-08 
9.762736e-08 
9.722252e-08 
9.681983e-08 
9.641929e-08 
9.602088e-08 
9.562459e-08 
9.523040e-08 
9.483830e-08 
9.444828e-08 
9.406032e-08 
9.367441e-08 
9.329054e-08 
9.290869e-08 
9.252885e-08 
9.215101e-08 
9.177516e-08 
9.140128e-08 
9.102935e-08 
9.065938e-08 
9.029134e-08 
8.992522e-08 
8.956102e-08 
8.919871e-08 
8.883829e-08 
8.847974e-08 
8.812305e-08 
8.776822e-08 
8.741522e-08 
8.706406e-08 
8.671470e-08 
8.636716e-08 
8.602140e-08 
8.567743e-08 
8.533523e-08 
8.499479e-08 
8.465609e-08 
8.431914e-08 
8.398391e-08 
8.365039e-08 
8.331859e-08 
8.298847e-08 
8.266004e-08 
8.233329e-08 
8.200820e-08 
8.168476e-08 
8.136296e-08 
8.104280e-08 
8.072426e-08 
8.040733e-08 
8.009201e-08 
7.977828e-08 
7.946613e-08 
7.915555e-08 
7.884654e-08 
7.853908e-08 
7.823317e-08 
7.792879e-08 
7.762594e-08 
7.732460e-08 
7.702477e-08 
7.672644e-08 
7.642960e-08 
7.613424e-08 
7.584035e-08 
7.554792e-08 
7.525694e-08 
7.496741e-08 
7.467931e-08 
7.439265e-08 
7.410740e-08 
7.382355e-08 
7.354112e-08 
7.326007e-08 
7.298041e-08 
7.270212e-08 
7.242520e-08 
7.214965e-08 
7.187544e-08 
7.160258e-08 
7.133105e-08 
7.106085e-08 
7.079197e-08 
7.052441e-08 
7.025814e-08 
6.999318e-08 
6.972950e-08 
6.946710e-08 
6.920598e-08 
6.894612e-08 
6.868752e-08 
6.843017e-08 
6.817407e-08 
6.791920e-08 
6.766556e-08 
6.741315e-08 
6.716194e-08 
6.691195e-08 
6.666316e-08 
6.641556e-08 
6.616914e-08 
6.592391e-08 
6.567985e-08 
6.543695e-08 
6.519522e-08 
6.495463e-08 
6.471520e-08 
6.447690e-08 
6.423973e-08 
6.400369e-08 
6.376877e-08 
6.353497e-08 
6.330226e-08 
6.307066e-08 
6.284016e-08 
6.261074e-08 
6.238240e-08 
6.215514e-08 
6.192894e-08 
6.170381e-08 
6.147974e-08 
6.125672e-08 
6.103474e-08 
6.081380e-08 
6.059389e-08 
6.037501e-08 
6.015715e-08 
5.994031e-08 
5.972447e-08 
5.950964e-08 
5.929581e-08 
5.908297e-08 
5.887112e-08 
5.865931e-08 
5.844846e-08 
5.823858e-08 
5.802968e-08 
5.782175e-08 
5.761478e-08 
5.740876e-08 
5.720370e-08 
5.699958e-08 
5.679641e-08 
5.659416e-08 
5.639285e-08 
5.619247e-08 
5.599300e-08 
5.579445e-08 
5.559680e-08 
5.540006e-08 
5.520422e-08 
5.500928e-08 
5.481522e-08 
5.462205e-08 
5.442975e-08 
5.423834e-08 
5.404779e-08 
5.385810e-08 
5.366928e-08 
5.348131e-08 
5.329419e-08 
5.310792e-08 
5.292249e-08 
5.273790e-08 
5.255414e-08 
5.237120e-08 
5.218909e-08 
5.200780e-08 
5.182732e-08 
5.164765e-08 
5.146878e-08 
5.129072e-08 
5.111345e-08 
5.093698e-08 
5.076129e-08 
5.058639e-08 
5.041226e-08 
5.023891e-08 
5.006633e-08 
4.989452e-08 
4.972347e-08 
4.955318e-08 
4.938364e-08 
4.921486e-08 
4.904682e-08 
4.887952e-08 
4.871296e-08 
4.854713e-08 
4.838203e-08 
4.821766e-08 
4.805401e-08 
4.789108e-08 
4.772887e-08 
4.756737e-08 
4.740657e-08 
4.724648e-08 
4.708708e-08 
4.692838e-08 
4.677038e-08 
4.661306e-08 
4.645643e-08 
4.630048e-08 
4.614520e-08 
4.599060e-08 
4.583667e-08 
4.568341e-08 
4.553081e-08 
4.537887e-08 
4.522759e-08 
4.507696e-08 
4.492698e-08 
4.477764e-08 
4.462895e-08 
4.448090e-08 
4.433348e-08 
4.418670e-08 
4.404054e-08 
4.389502e-08 
4.375011e-08 
4.360582e-08 
4.346215e-08 
4.331910e-08 
4.317665e-08 
4.303481e-08 
4.289358e-08 
4.275294e-08 
4.261290e-08 
4.247346e-08 
4.233460e-08 
4.219634e-08 
4.205866e-08 
4.192156e-08 
4.178504e-08 
4.164910e-08 
4.151373e-08 
4.137893e-08 
4.124470e-08 
4.111103e-08 
4.097793e-08 
4.084538e-08 
4.071339e-08 
4.058195e-08 
4.045106e-08 
4.032072e-08 
4.019092e-08 
4.006167e-08 
3.993295e-08 
3.980477e-08 
3.967713e-08 
3.955001e-08 
3.942343e-08 
3.929736e-08 
3.917182e-08 
3.904681e-08 
3.892230e-08 
3.879832e-08 
3.867484e-08 
3.855188e-08 
3.842942e-08 
3.830747e-08 
3.818602e-08 
3.806507e-08 
3.794462e-08 
3.782466e-08 
3.770519e-08 
3.758621e-08 
3.746772e-08 
3.734972e-08 
3.723219e-08 
3.711515e-08 
3.699858e-08 
3.688249e-08 
3.676688e-08 
3.665173e-08 
3.653705e-08 
3.642284e-08 
3.630909e-08 
3.619580e-08 
3.608297e-08 
3.597060e-08 
3.585868e-08 
3.574721e-08 
3.563620e-08 
3.552563e-08 
3.541551e-08 
3.530583e-08 
3.519659e-08 
3.508779e-08 
3.497943e-08 
3.487150e-08 
3.476400e-08 
3.465694e-08 
3.455030e-08 
3.444409e-08 
3.433831e-08 
3.423294e-08 
3.412800e-08 
3.402347e-08 
3.391936e-08 
3.381567e-08 
3.371239e-08 
3.360951e-08 
3.350705e-08 
3.340499e-08 
3.330333e-08 
3.320208e-08 
3.310123e-08 
3.300077e-08 
3.290071e-08 
3.280105e-08 
3.270178e-08 
3.260290e-08 
3.250441e-08 
3.240630e-08 
3.230858e-08 
3.221125e-08 
3.211429e-08 
3.201772e-08 
3.192152e-08 
3.182570e-08 
3.173025e-08 
3.163517e-08 
3.154047e-08 
3.144613e-08 
3.135216e-08 
3.125856e-08 
3.116532e-08 
3.107244e-08 
3.097993e-08 
3.088777e-08 
3.079596e-08 
3.070452e-08 
3.061342e-08 
3.052232e-08 
3.043157e-08 
3.034116e-08 
3.025111e-08 
3.016141e-08 
3.007205e-08 
2.998304e-08 
2.989437e-08 
2.980604e-08 
2.971805e-08 
2.963039e-08 
2.954308e-08 
2.945610e-08 
2.936945e-08 
2.928313e-08 
2.919715e-08 
2.911149e-08 
2.902616e-08 
2.894116e-08 
2.885647e-08 
2.877212e-08 
2.868808e-08 
2.860436e-08 
2.852096e-08 
2.843788e-08 
2.835511e-08 
2.827266e-08 
2.819052e-08 
2.810869e-08 
2.802716e-08 
2.794595e-08 
2.786504e-08 
2.778444e-08 
2.770414e-08 
2.762414e-08 
2.754445e-08 
2.746505e-08 
2.738595e-08 
2.730715e-08 
2.722865e-08 
2.715043e-08 
2.707252e-08 
2.699489e-08 
2.691755e-08 
2.684050e-08 
2.676374e-08 
2.668726e-08 
2.661107e-08 
2.653516e-08 
2.645954e-08 
2.638419e-08 
2.630913e-08 
2.623434e-08 
2.615983e-08 
2.608560e-08 
2.601164e-08 
2.593795e-08 
2.586454e-08 
2.579139e-08 
2.571852e-08 
2.564591e-08 
2.557358e-08 
2.550151e-08 
2.542970e-08 
2.535815e-08 
2.528687e-08 
2.521585e-08 
2.514509e-08 
2.507459e-08 
2.500435e-08 
2.493436e-08 
2.486463e-08 
2.479516e-08 
2.472593e-08 
2.465696e-08 
2.458824e-08 
2.451977e-08 
2.445155e-08 
2.438358e-08 
2.431585e-08 
2.424837e-08 
2.418113e-08 
2.411413e-08 
2.404738e-08 
2.398087e-08 
2.391460e-08 
2.384857e-08 
2.378277e-08 
2.371721e-08 
2.365189e-08 
2.358681e-08 
2.352195e-08 
2.345733e-08 
2.339294e-08 
2.332879e-08 
2.326486e-08 
2.320116e-08 
2.313769e-08 
2.307444e-08 
2.301142e-08 
2.294863e-08 
2.288606e-08 
2.282371e-08 
2.276158e-08 
2.269967e-08 
2.263799e-08 
2.257652e-08 
2.251527e-08 
2.245424e-08 
2.239343e-08 
2.233282e-08 
2.227244e-08 
2.221226e-08 
2.215230e-08 
2.209255e-08 
2.203302e-08 
2.197369e-08 
2.191457e-08 
2.185565e-08 
2.179695e-08 
2.173845e-08 
2.168015e-08 
2.162206e-08 
2.156417e-08 
2.150649e-08 
2.144901e-08 
2.139172e-08 
2.133464e-08 
2.127776e-08 
2.122107e-08 
2.116459e-08 
2.110830e-08 
2.105220e-08 
2.099630e-08 
2.094059e-08 
2.088508e-08 
2.082976e-08 
2.077463e-08 
2.071969e-08 
2.066494e-08 
2.061038e-08 
2.055601e-08 
2.050183e-08 
2.044783e-08 
2.039402e-08 
2.034040e-08 
2.028696e-08 
2.023370e-08 
2.018062e-08 
2.012773e-08 
2.007502e-08 
2.002249e-08 
1.997014e-08 
1.991797e-08 
1.986597e-08 
1.981416e-08 
1.976252e-08 
1.971106e-08 
1.965977e-08 
1.960866e-08 
1.955772e-08 
1.950695e-08 
1.945636e-08 
1.940594e-08 
1.935569e-08 
1.930561e-08 
1.925570e-08 
1.920595e-08 
1.915638e-08 
1.910697e-08 
1.905773e-08 
1.900866e-08 
1.895975e-08 
1.891101e-08 
1.886243e-08 
1.881402e-08 
1.876576e-08 
1.871767e-08 
1.866974e-08 
1.862197e-08 
1.857437e-08 
1.852692e-08 
1.847963e-08 
1.843249e-08 
1.838552e-08 
1.833870e-08 
1.829204e-08 
1.824553e-08 
1.819918e-08 
1.815298e-08 
1.810694e-08 
1.806105e-08 
1.801531e-08 
1.796972e-08 
1.792429e-08 
1.787900e-08 
1.783387e-08 
1.778888e-08 
1.774404e-08 
1.769936e-08 
1.765481e-08 
1.761042e-08 
1.756617e-08 
1.752207e-08 
1.747811e-08 
1.743430e-08 
1.739063e-08 
1.734711e-08 
1.730372e-08 
1.726048e-08 
1.721738e-08 
1.717443e-08 
1.713161e-08 
1.708893e-08 
1.704639e-08 
1.700400e-08 
1.696174e-08 
1.691961e-08 
1.687763e-08 
1.683578e-08 
1.679407e-08 
1.675249e-08 
1.671105e-08 
1.666974e-08 
1.662856e-08 
1.658752e-08 
1.654662e-08 
1.650584e-08 
1.646520e-08 
1.642469e-08 
1.638430e-08 
1.634405e-08 
1.630393e-08 
1.626394e-08 
1.622408e-08 
1.618434e-08 
1.614473e-08 
1.610525e-08 
1.606590e-08 
1.602667e-08 
1.598757e-08 
1.594860e-08 
1.590974e-08 
1.587102e-08 
1.583241e-08 
1.579393e-08 
1.575558e-08 
1.571734e-08 
1.567923e-08 
1.564123e-08 
1.560336e-08 
1.556561e-08 
1.552798e-08 
1.549047e-08 
1.545308e-08 
1.541580e-08 
1.537865e-08 
1.534161e-08 
1.530469e-08 
1.526789e-08 
1.523120e-08 
1.519463e-08 
1.515817e-08 
1.512183e-08 
1.508560e-08 
1.504949e-08 
1.501349e-08 
1.497760e-08 
1.494183e-08 
1.490617e-08 
1.487062e-08 
1.483518e-08 
1.479985e-08 
1.476463e-08 
1.472953e-08 
1.469453e-08 
1.465964e-08 
1.462486e-08 
1.459019e-08 
1.455563e-08 
1.452118e-08 
1.448683e-08 
1.445259e-08 
1.441846e-08 
1.438443e-08 
1.435050e-08 
1.431669e-08 
1.428297e-08 
1.424937e-08 
1.421586e-08 
1.418246e-08 
1.414916e-08 
1.411597e-08 
1.408288e-08 
1.404989e-08 
1.401700e-08 
1.398421e-08 
1.395153e-08 
1.391894e-08 
1.388646e-08 
1.385407e-08 
1.382178e-08 
1.378960e-08 
1.375751e-08 
1.372552e-08 
1.369362e-08 
1.366183e-08 
1.363013e-08 
1.359853e-08 
1.356702e-08 
1.353562e-08 
1.350430e-08 
1.347309e-08 
1.344196e-08 
1.341093e-08 
1.338000e-08 
1.334916e-08 
1.331842e-08 
1.328776e-08 
1.325720e-08 
1.322673e-08 
1.319636e-08 
1.316608e-08 
1.313588e-08 
1.310578e-08 
1.307577e-08 
1.304585e-08 
1.301602e-08 
1.298629e-08 
1.295664e-08 
1.292707e-08 
1.289760e-08 
1.286822e-08 
1.283892e-08 
1.280972e-08 
1.278060e-08 
1.275156e-08 
1.272262e-08 
1.269376e-08 
1.266499e-08 
1.263630e-08 
1.260770e-08 
1.257918e-08 
1.255075e-08 
1.252241e-08 
1.249414e-08 
1.246597e-08 
1.243787e-08 
1.240986e-08 
1.238193e-08 
1.235409e-08 
1.232633e-08 
1.229865e-08 
1.227105e-08 
1.224353e-08 
1.221610e-08 
1.218874e-08 
1.216147e-08 
1.213428e-08 
1.210717e-08 
1.208013e-08 
1.205318e-08 
1.202631e-08 
1.199951e-08 
1.197280e-08 
1.194616e-08 
1.191960e-08 
5.062847e-08 
5.048085e-08 
5.033377e-08 
5.018724e-08 
5.004126e-08 
4.989583e-08 
4.975098e-08 
4.960669e-08 
4.946298e-08 
4.931986e-08 
4.917732e-08 
4.903538e-08 
4.889403e-08 
4.875329e-08 
4.861317e-08 
4.847365e-08 
4.833476e-08 
4.819649e-08 
4.805886e-08 
4.792186e-08 
4.778549e-08 
4.764977e-08 
4.751470e-08 
4.738029e-08 
4.724653e-08 
4.711343e-08 
4.698099e-08 
4.684923e-08 
4.671813e-08 
4.658772e-08 
4.645798e-08 
4.632893e-08 
4.620056e-08 
4.607273e-08 
4.594557e-08 
4.581910e-08 
4.569330e-08 
4.556818e-08 
4.544372e-08 
4.531992e-08 
4.519678e-08 
4.507429e-08 
4.495244e-08 
4.483124e-08 
4.471067e-08 
4.459074e-08 
4.447143e-08 
4.435275e-08 
4.423468e-08 
4.411723e-08 
4.400038e-08 
4.388414e-08 
4.376850e-08 
4.365346e-08 
4.353900e-08 
4.342513e-08 
4.331185e-08 
4.319914e-08 
4.308701e-08 
4.297544e-08 
4.286444e-08 
4.275400e-08 
4.264412e-08 
4.253480e-08 
4.242602e-08 
4.231778e-08 
4.221009e-08 
4.210293e-08 
4.199631e-08 
4.189022e-08 
4.178465e-08 
4.167960e-08 
4.157507e-08 
4.147106e-08 
4.136755e-08 
4.126456e-08 
4.116206e-08 
4.106007e-08 
4.095857e-08 
4.085756e-08 
4.075704e-08 
4.065701e-08 
4.055746e-08 
4.045838e-08 
4.035979e-08 
4.026166e-08 
4.016400e-08 
4.006681e-08 
3.997008e-08 
3.987380e-08 
3.977799e-08 
3.968262e-08 
3.958770e-08 
3.949323e-08 
3.939920e-08 
3.930561e-08 
3.921245e-08 
3.911973e-08 
3.902744e-08 
3.893558e-08 
3.884414e-08 
3.875312e-08 
3.866251e-08 
3.857233e-08 
3.848255e-08 
3.839319e-08 
3.830423e-08 
3.821568e-08 
3.812752e-08 
3.803977e-08 
3.795241e-08 
3.786544e-08 
3.777886e-08 
3.769267e-08 
3.760687e-08 
3.752144e-08 
3.743640e-08 
3.735173e-08 
3.726744e-08 
3.718351e-08 
3.709996e-08 
3.701677e-08 
3.693395e-08 
3.685149e-08 
3.676939e-08 
3.668764e-08 
3.660625e-08 
3.652521e-08 
3.644452e-08 
3.636417e-08 
3.628417e-08 
3.620451e-08 
3.612520e-08 
3.604621e-08 
3.596757e-08 
3.588926e-08 
3.581128e-08 
3.573362e-08 
3.565630e-08 
3.557929e-08 
3.550261e-08 
3.542625e-08 
3.535021e-08 
3.527448e-08 
3.519907e-08 
3.512396e-08 
3.504917e-08 
3.497468e-08 
3.490050e-08 
3.482662e-08 
3.475304e-08 
3.467976e-08 
3.460678e-08 
3.453410e-08 
3.446170e-08 
3.438960e-08 
3.431779e-08 
3.424626e-08 
3.417502e-08 
3.410406e-08 
3.403339e-08 
3.396299e-08 
3.389287e-08 
3.382303e-08 
3.375346e-08 
3.368417e-08 
3.361514e-08 
3.354639e-08 
3.347790e-08 
3.340967e-08 
3.334171e-08 
3.327402e-08 
3.320658e-08 
3.313940e-08 
3.307248e-08 
3.300581e-08 
3.293940e-08 
3.287323e-08 
3.280732e-08 
3.274166e-08 
3.267624e-08 
3.261107e-08 
3.254615e-08 
3.248146e-08 
3.241702e-08 
3.235281e-08 
3.228884e-08 
3.222511e-08 
3.216161e-08 
3.209835e-08 
3.203532e-08 
3.197251e-08 
3.190994e-08 
3.184759e-08 
3.178547e-08 
3.172357e-08 
3.166189e-08 
3.160044e-08 
3.153921e-08 
3.147819e-08 
3.141739e-08 
3.135681e-08 
3.129644e-08 
3.123628e-08 
3.117634e-08 
3.111660e-08 
3.105708e-08 
3.099776e-08 
3.093865e-08 
3.087974e-08 
3.082103e-08 
3.076253e-08 
3.070423e-08 
3.064613e-08 
3.058823e-08 
3.053052e-08 
3.047302e-08 
3.041570e-08 
3.035858e-08 
3.030165e-08 
3.024491e-08 
3.018837e-08 
3.013201e-08 
3.007584e-08 
3.001985e-08 
2.996405e-08 
2.990844e-08 
2.985300e-08 
2.979775e-08 
2.974268e-08 
2.968779e-08 
2.963308e-08 
2.957854e-08 
2.952418e-08 
2.947000e-08 
2.941598e-08 
2.936215e-08 
2.930848e-08 
2.925498e-08 
2.920166e-08 
2.914850e-08 
2.909551e-08 
2.904269e-08 
2.899003e-08 
2.893754e-08 
2.888521e-08 
2.883304e-08 
2.878103e-08 
2.872919e-08 
2.867750e-08 
2.862597e-08 
2.857460e-08 
2.852339e-08 
2.847233e-08 
2.842143e-08 
2.837068e-08 
2.832008e-08 
2.826963e-08 
2.821934e-08 
2.816919e-08 
2.811920e-08 
2.806935e-08 
2.801965e-08 
2.797009e-08 
2.792068e-08 
2.787142e-08 
2.782230e-08 
2.777332e-08 
2.772448e-08 
2.767579e-08 
2.762723e-08 
2.757882e-08 
2.753054e-08 
2.748240e-08 
2.743440e-08 
2.738653e-08 
2.733880e-08 
2.729120e-08 
2.724374e-08 
2.719641e-08 
2.714921e-08 
2.710214e-08 
2.705520e-08 
2.700839e-08 
2.696171e-08 
2.691516e-08 
2.686874e-08 
2.682244e-08 
2.677627e-08 
2.673022e-08 
2.668430e-08 
2.663850e-08 
2.659282e-08 
2.654727e-08 
2.650183e-08 
2.645652e-08 
2.641133e-08 
2.636626e-08 
2.632130e-08 
2.627646e-08 
2.623174e-08 
2.618714e-08 
2.614265e-08 
2.609827e-08 
2.605401e-08 
2.600987e-08 
2.596583e-08 
2.592191e-08 
2.587810e-08 
2.583441e-08 
2.579082e-08 
2.574734e-08 
2.570397e-08 
2.566071e-08 
2.561756e-08 
2.557451e-08 
2.553157e-08 
2.548874e-08 
2.544601e-08 
2.540338e-08 
2.536086e-08 
2.531844e-08 
2.527613e-08 
2.523392e-08 
2.519181e-08 
2.514980e-08 
2.510789e-08 
2.506608e-08 
2.502437e-08 
2.498276e-08 
2.494124e-08 
2.489983e-08 
2.485851e-08 
2.481729e-08 
2.477616e-08 
2.473513e-08 
2.469419e-08 
2.465335e-08 
2.461260e-08 
2.457195e-08 
2.453138e-08 
2.449091e-08 
2.445053e-08 
2.441024e-08 
2.437005e-08 
2.432994e-08 
2.428992e-08 
2.424999e-08 
2.421015e-08 
2.417039e-08 
2.413073e-08 
2.409115e-08 
2.405166e-08 
2.401225e-08 
2.397293e-08 
2.393369e-08 
2.389454e-08 
2.385547e-08 
2.381649e-08 
2.377759e-08 
2.373877e-08 
2.370003e-08 
2.366137e-08 
2.362280e-08 
2.358431e-08 
2.354590e-08 
2.350756e-08 
2.346931e-08 
2.343113e-08 
2.339304e-08 
2.335502e-08 
2.331708e-08 
2.327922e-08 
2.324143e-08 
2.320372e-08 
2.316609e-08 
2.312853e-08 
2.309105e-08 
2.305364e-08 
2.301630e-08 
2.297904e-08 
2.294186e-08 
2.290474e-08 
2.286770e-08 
2.283073e-08 
2.279383e-08 
2.275701e-08 
2.272025e-08 
2.268357e-08 
2.264696e-08 
2.261041e-08 
2.257394e-08 
2.253753e-08 
2.250120e-08 
2.246493e-08 
2.242873e-08 
2.239260e-08 
2.235653e-08 
2.232053e-08 
2.228460e-08 
2.224874e-08 
2.221294e-08 
2.217720e-08 
2.214154e-08 
2.210593e-08 
2.207039e-08 
2.203492e-08 
2.199951e-08 
2.196416e-08 
2.192887e-08 
2.189365e-08 
2.185849e-08 
2.182340e-08 
2.178836e-08 
2.175339e-08 
2.171847e-08 
2.168362e-08 
2.164883e-08 
2.161410e-08 
2.157943e-08 
2.154482e-08 
2.151026e-08 
2.147577e-08 
2.144133e-08 
2.140696e-08 
2.137264e-08 
2.133838e-08 
2.130418e-08 
2.127003e-08 
2.123594e-08 
2.120191e-08 
2.116793e-08 
2.113401e-08 
2.110015e-08 
2.106635e-08 
2.103261e-08 
2.099892e-08 
2.096528e-08 
2.093171e-08 
2.089818e-08 
2.086471e-08 
2.083130e-08 
2.079794e-08 
2.076464e-08 
2.073139e-08 
2.069820e-08 
2.066506e-08 
2.063198e-08 
2.059895e-08 
2.056598e-08 
2.053306e-08 
2.050019e-08 
2.046738e-08 
2.043463e-08 
2.040193e-08 
2.036928e-08 
2.033669e-08 
2.030415e-08 
2.027166e-08 
2.023923e-08 
2.020686e-08 
2.017454e-08 
2.014227e-08 
2.011005e-08 
2.007789e-08 
2.004579e-08 
2.001373e-08 
1.998173e-08 
1.994979e-08 
1.991789e-08 
1.988605e-08 
1.985427e-08 
1.982254e-08 
1.979086e-08 
1.975923e-08 
1.972766e-08 
1.969614e-08 
1.966467e-08 
1.963325e-08 
1.960189e-08 
1.957058e-08 
1.953933e-08 
1.950812e-08 
1.947697e-08 
1.944587e-08 
1.941483e-08 
1.938383e-08 
1.935289e-08 
1.932200e-08 
1.929116e-08 
1.926038e-08 
1.922964e-08 
1.919896e-08 
1.916833e-08 
1.913776e-08 
1.910723e-08 
1.907675e-08 
1.904633e-08 
1.901596e-08 
1.898564e-08 
1.895537e-08 
1.892516e-08 
1.889499e-08 
1.886487e-08 
1.883481e-08 
1.880480e-08 
1.877484e-08 
1.874493e-08 
1.871507e-08 
1.868526e-08 
1.865550e-08 
1.862579e-08 
1.859614e-08 
1.856653e-08 
1.853697e-08 
1.850747e-08 
1.847801e-08 
1.844861e-08 
1.841925e-08 
1.838995e-08 
1.836069e-08 
1.833149e-08 
1.830233e-08 
1.827323e-08 
1.824417e-08 
1.821517e-08 
1.818621e-08 
1.815731e-08 
1.812845e-08 
1.809964e-08 
1.807089e-08 
1.804218e-08 
1.801352e-08 
1.798491e-08 
1.795635e-08 
1.792783e-08 
1.789937e-08 
1.787096e-08 
1.784259e-08 
1.781427e-08 
1.778601e-08 
1.775779e-08 
1.772962e-08 
1.770149e-08 
1.767342e-08 
1.764539e-08 
1.761742e-08 
1.758949e-08 
1.756161e-08 
1.753377e-08 
1.750599e-08 
1.747825e-08 
1.745056e-08 
1.742292e-08 
1.739533e-08 
1.736778e-08 
1.734028e-08 
1.731283e-08 
1.728543e-08 
1.725807e-08 
1.723077e-08 
1.720350e-08 
1.717629e-08 
1.714912e-08 
1.712200e-08 
1.709493e-08 
1.706790e-08 
1.704092e-08 
1.701399e-08 
1.698710e-08 
1.696026e-08 
1.693347e-08 
1.690673e-08 
1.688003e-08 
1.685337e-08 
1.682676e-08 
1.680020e-08 
1.677369e-08 
1.674722e-08 
1.672080e-08 
1.669442e-08 
1.666809e-08 
1.664180e-08 
1.661556e-08 
1.658937e-08 
1.656322e-08 
1.653712e-08 
1.651106e-08 
1.648505e-08 
1.645908e-08 
1.643316e-08 
1.640728e-08 
1.638145e-08 
1.635567e-08 
1.632993e-08 
1.630423e-08 
1.627858e-08 
1.625297e-08 
1.622741e-08 
1.620189e-08 
1.617642e-08 
1.615099e-08 
1.612561e-08 
1.610027e-08 
1.607497e-08 
1.604972e-08 
1.602451e-08 
1.599935e-08 
1.597423e-08 
1.594916e-08 
1.592413e-08 
1.589914e-08 
1.587420e-08 
1.584930e-08 
1.582444e-08 
1.579963e-08 
1.577486e-08 
1.575013e-08 
1.572545e-08 
1.570081e-08 
1.567622e-08 
1.565166e-08 
1.562715e-08 
1.560269e-08 
1.557826e-08 
1.555388e-08 
1.552954e-08 
1.550525e-08 
1.548100e-08 
1.545679e-08 
1.543262e-08 
1.540849e-08 
1.538441e-08 
1.536037e-08 
1.533637e-08 
1.531241e-08 
1.528850e-08 
1.526463e-08 
1.524080e-08 
1.521701e-08 
1.519326e-08 
1.516956e-08 
1.514590e-08 
1.512228e-08 
1.509870e-08 
1.507516e-08 
1.505166e-08 
1.502821e-08 
1.500479e-08 
1.498142e-08 
1.495809e-08 
1.493480e-08 
1.491155e-08 
1.488834e-08 
1.486517e-08 
1.484205e-08 
1.481896e-08 
1.479592e-08 
1.477291e-08 
1.474995e-08 
1.472703e-08 
1.470414e-08 
1.468130e-08 
1.465850e-08 
1.463574e-08 
1.461302e-08 
1.459033e-08 
1.456769e-08 
1.454509e-08 
1.452253e-08 
1.450001e-08 
1.447753e-08 
1.445508e-08 
1.443268e-08 
1.441032e-08 
1.438799e-08 
1.436571e-08 
1.434347e-08 
1.432126e-08 
1.429910e-08 
1.427697e-08 
1.425488e-08 
1.423283e-08 
1.421082e-08 
1.418885e-08 
1.416692e-08 
1.414503e-08 
1.412317e-08 
1.410136e-08 
1.407958e-08 
1.405784e-08 
1.403614e-08 
1.401448e-08 
1.399286e-08 
1.397127e-08 
1.394973e-08 
1.392822e-08 
1.390675e-08 
1.388532e-08 
1.386392e-08 
1.384257e-08 
1.382125e-08 
1.379997e-08 
1.377872e-08 
1.375752e-08 
1.373635e-08 
1.371522e-08 
1.369413e-08 
1.367307e-08 
1.365205e-08 
1.363107e-08 
1.361013e-08 
1.358922e-08 
1.356835e-08 
1.354752e-08 
1.352673e-08 
1.350597e-08 
1.348525e-08 
1.346456e-08 
1.344391e-08 
1.342330e-08 
1.340273e-08 
1.338219e-08 
1.336169e-08 
1.334122e-08 
1.332079e-08 
1.330040e-08 
1.328004e-08 
1.325972e-08 
1.323944e-08 
1.321919e-08 
1.319898e-08 
1.317880e-08 
1.315866e-08 
1.313856e-08 
1.311849e-08 
1.309845e-08 
1.307846e-08 
1.305849e-08 
1.303857e-08 
1.301868e-08 
1.299882e-08 
1.297900e-08 
1.295921e-08 
1.293946e-08 
1.291975e-08 
1.290007e-08 
1.288042e-08 
1.286081e-08 
1.284124e-08 
1.282169e-08 
1.280219e-08 
1.278272e-08 
1.276328e-08 
1.274388e-08 
1.272451e-08 
1.270518e-08 
1.268588e-08 
1.266661e-08 
1.264738e-08 
1.262819e-08 
1.260903e-08 
1.258990e-08 
1.257080e-08 
1.255174e-08 
1.253272e-08 
1.251373e-08 
1.249477e-08 
1.247584e-08 
1.245695e-08 
1.243809e-08 
1.241927e-08 
1.240048e-08 
1.238172e-08 
1.236300e-08 
1.234431e-08 
1.232565e-08 
1.230703e-08 
1.228844e-08 
1.226988e-08 
1.225136e-08 
1.223286e-08 
1.221441e-08 
1.219598e-08 
1.217759e-08 
1.215923e-08 
1.214090e-08 
1.212260e-08 
1.210434e-08 
1.208611e-08 
1.206791e-08 
1.204975e-08 
1.203162e-08 
1.201352e-08 
1.199545e-08 
1.197741e-08 
1.195941e-08 
1.194143e-08 
1.192349e-08 
1.190559e-08 
1.188771e-08 
1.186986e-08 
1.185205e-08 
1.183427e-08 
1.181652e-08 
1.179880e-08 
1.178112e-08 
1.176346e-08 
1.174584e-08 
1.172825e-08 
1.171069e-08 
1.169316e-08 
1.167566e-08 
1.165819e-08 
1.164075e-08 
1.162335e-08 
1.160598e-08 
1.158863e-08 
1.157132e-08 
1.155404e-08 
1.153679e-08 
1.151957e-08 
1.150238e-08 
1.148522e-08 
1.146809e-08 
1.145099e-08 
1.143393e-08 
1.141689e-08 
1.139988e-08 
1.138290e-08 
1.136596e-08 
1.134904e-08 
1.133216e-08 
1.131530e-08 
1.129847e-08 
1.128168e-08 
1.126491e-08 
1.124817e-08 
1.123147e-08 
1.121479e-08 
1.119814e-08 
1.118153e-08 
1.116494e-08 
1.114838e-08 
1.113185e-08 
1.111535e-08 
1.109888e-08 
1.108244e-08 
1.106603e-08 
1.104964e-08 
1.103329e-08 
1.101696e-08 
1.100067e-08 
1.098440e-08 
1.096816e-08 
1.095196e-08 
1.093578e-08 
1.091962e-08 
1.090350e-08 
1.088741e-08 
1.087134e-08 
1.085531e-08 
1.083930e-08 
1.082332e-08 
1.080737e-08 
1.079144e-08 
1.077555e-08 
1.075968e-08 
1.074384e-08 
1.072803e-08 
1.071225e-08 
1.069650e-08 
1.068077e-08 
1.066507e-08 
1.064940e-08 
1.063376e-08 
1.061814e-08 
1.060256e-08 
1.058700e-08 
1.057147e-08 
1.055596e-08 
1.054048e-08 
1.052504e-08 
1.050961e-08 
1.049422e-08 
1.047885e-08 
1.046351e-08 
1.044820e-08 
1.043291e-08 
1.041766e-08 
1.040243e-08 
1.038722e-08 
1.037204e-08 
1.035689e-08 
1.034177e-08 
1.032667e-08 
1.031160e-08 
1.029656e-08 
1.028154e-08 
1.026655e-08 
1.025159e-08 
1.023665e-08 
1.022174e-08 
1.020686e-08 
1.019200e-08 
1.017717e-08 
1.016237e-08 
1.014759e-08 
1.013284e-08 
1.011811e-08 
1.010341e-08 
1.008874e-08 
1.007409e-08 
1.005947e-08 
1.004487e-08 
1.003030e-08 
1.001576e-08 
1.000124e-08 
9.986744e-09 
9.972276e-09 
9.957835e-09 
9.943418e-09 
9.929028e-09 
9.914663e-09 
9.900323e-09 
9.886009e-09 
9.871719e-09 
9.857456e-09 
9.843217e-09 
9.829004e-09 
9.814816e-09 
9.800653e-09 
9.786515e-09 
9.772402e-09 
9.758314e-09 
9.744251e-09 
9.730212e-09 
9.716199e-09 
9.702210e-09 
9.688246e-09 
9.674307e-09 
9.660393e-09 
9.646503e-09 
9.632637e-09 
9.618796e-09 
9.604980e-09 
9.591188e-09 
9.577420e-09 
9.563676e-09 
9.549957e-09 
9.536262e-09 
9.522592e-09 
9.508945e-09 
9.495323e-09 
9.481724e-09 
9.468150e-09 
9.454599e-09 
9.441073e-09 
9.427570e-09 
9.414091e-09 
9.400636e-09 
9.387205e-09 
9.373797e-09 
9.360413e-09 
9.347053e-09 
9.333716e-09 
9.320403e-09 
9.307113e-09 
9.293847e-09 
9.280604e-09 
9.267384e-09 
9.254188e-09 
9.241015e-09 
9.227865e-09 
9.214738e-09 
9.201635e-09 
9.188554e-09 
9.175497e-09 
9.162462e-09 
9.149451e-09 
9.136462e-09 
9.123497e-09 
9.110554e-09 
9.097634e-09 
9.084736e-09 
9.071862e-09 
9.059010e-09 
9.046180e-09 
9.033374e-09 
9.020589e-09 
9.007827e-09 
8.995088e-09 
8.982371e-09 
8.969677e-09 
8.957004e-09 
8.944354e-09 
8.931727e-09 
8.919121e-09 
8.906538e-09 
8.893976e-09 
8.881437e-09 
8.868920e-09 
8.856425e-09 
8.843952e-09 
8.831500e-09 
8.819071e-09 
8.806663e-09 
8.794277e-09 
8.781913e-09 
8.769571e-09 
8.757250e-09 
8.744951e-09 
8.732673e-09 
8.720417e-09 
8.708183e-09 
8.695970e-09 
8.683778e-09 
8.671608e-09 
8.659459e-09 
8.647331e-09 
8.635225e-09 
8.623139e-09 
8.611075e-09 
8.599033e-09 
8.587011e-09 
8.575010e-09 
8.563031e-09 
8.551072e-09 
8.539134e-09 
8.527217e-09 
8.515321e-09 
8.503446e-09 
8.491592e-09 
8.479758e-09 
8.467945e-09 
8.456153e-09 
8.444381e-09 
8.432630e-09 
8.420900e-09 
8.409190e-09 
8.397500e-09 
8.385831e-09 
8.374182e-09 
8.362554e-09 
8.350946e-09 
8.339358e-09 
8.327791e-09 
8.316244e-09 
8.304716e-09 
8.293209e-09 
8.281723e-09 
8.270256e-09 
8.258809e-09 
8.247382e-09 
8.235975e-09 
8.224588e-09 
8.213221e-09 
8.201874e-09 
8.190546e-09 
8.179238e-09 
8.167950e-09 
8.156682e-09 
8.145433e-09 
8.134204e-09 
8.122995e-09 
8.111805e-09 
8.100634e-09 
8.089483e-09 
8.078351e-09 
8.067239e-09 
8.056146e-09 
8.045073e-09 
8.034018e-09 
8.022983e-09 
8.011967e-09 
8.000971e-09 
7.989993e-09 
7.979035e-09 
7.968095e-09 
7.957175e-09 
7.946273e-09 
7.935391e-09 
7.924527e-09 
7.913683e-09 
7.902857e-09 
7.892050e-09 
7.881262e-09 
7.870492e-09 
7.859741e-09 
7.849009e-09 
7.838296e-09 
7.827601e-09 
7.816924e-09 
7.806267e-09 
7.795627e-09 
7.785006e-09 
7.774404e-09 
7.763820e-09 
7.753254e-09 
7.742707e-09 
7.732178e-09 
7.721667e-09 
7.711174e-09 
7.700700e-09 
7.690243e-09 
7.679805e-09 
7.669385e-09 
7.658983e-09 
7.648599e-09 
7.638233e-09 
7.627885e-09 
7.617555e-09 
7.607242e-09 
7.596948e-09 
7.586671e-09 
7.576412e-09 
7.566171e-09 
7.555947e-09 
7.545741e-09 
7.535553e-09 
7.525383e-09 
7.515230e-09 
7.505094e-09 
7.494976e-09 
7.484876e-09 
7.474793e-09 
7.464727e-09 
7.454679e-09 
7.444648e-09 
7.434634e-09 
7.424638e-09 
7.414659e-09 
7.404697e-09 
7.394752e-09 
7.384824e-09 
7.374914e-09 
7.365021e-09 
7.355144e-09 
7.345285e-09 
7.335443e-09 
7.325617e-09 
7.315809e-09 
7.306017e-09 
7.296243e-09 
7.286485e-09 
7.276744e-09 
7.267019e-09 
7.257312e-09 
7.247621e-09 
7.237947e-09 
7.228289e-09 
7.218648e-09 
7.209024e-09 
7.199416e-09 
7.189824e-09 
7.180249e-09 
7.170691e-09 
7.161149e-09 
7.151623e-09 
7.142114e-09 
7.132621e-09 
7.123145e-09 
7.113684e-09 
7.104240e-09 
7.094812e-09 
7.085400e-09 
7.076005e-09 
7.066625e-09 
7.057262e-09 
7.047914e-09 
7.038583e-09 
7.029267e-09 
7.019968e-09 
7.010684e-09 
7.001417e-09 
6.992165e-09 
6.982929e-09 
6.973709e-09 
6.964505e-09 
6.955316e-09 
6.946143e-09 
6.936986e-09 
6.927845e-09 
6.918719e-09 
6.909608e-09 
6.900514e-09 
6.891435e-09 
6.882371e-09 
6.873323e-09 
6.864290e-09 
6.855273e-09 
6.846271e-09 
6.837284e-09 
6.828313e-09 
6.819357e-09 
6.810417e-09 
6.801491e-09 
6.792581e-09 
6.783686e-09 
6.774807e-09 
6.765942e-09 
6.757092e-09 
6.748258e-09 
6.739439e-09 
6.730634e-09 
6.721845e-09 
6.713070e-09 
6.704311e-09 
6.695566e-09 
6.686837e-09 
6.678122e-09 
6.669422e-09 
6.660737e-09 
6.652066e-09 
6.643411e-09 
6.634770e-09 
6.626143e-09 
6.617532e-09 
6.608935e-09 
6.600352e-09 
6.591784e-09 
6.583231e-09 
6.574692e-09 
6.566168e-09 
6.557658e-09 
6.549163e-09 
6.540682e-09 
6.532216e-09 
6.523763e-09 
6.515325e-09 
6.506902e-09 
6.498493e-09 
6.490098e-09 
6.481717e-09 
6.473350e-09 
6.464998e-09 
6.456659e-09 
6.448335e-09 
6.440025e-09 
6.431729e-09 
6.423447e-09 
6.415179e-09 
6.406925e-09 
6.398685e-09 
6.390459e-09 
6.382247e-09 
6.374048e-09 
6.365864e-09 
6.357693e-09 
6.349536e-09 
6.341393e-09 
6.333264e-09 
6.325148e-09 
6.317046e-09 
6.308958e-09 
6.300883e-09 
6.292822e-09 
6.284775e-09 
6.276741e-09 
6.268721e-09 
6.260714e-09 
6.252721e-09 
6.244741e-09 
6.236775e-09 
6.228822e-09 
6.220882e-09 
6.212956e-09 
6.205043e-09 
6.197143e-09 
6.189257e-09 
6.181384e-09 
6.173525e-09 
6.165678e-09 
6.157845e-09 
6.150024e-09 
6.142217e-09 
6.134424e-09 
6.126643e-09 
6.118875e-09 
6.111120e-09 
6.103379e-09 
6.095650e-09 
6.087934e-09 
6.080231e-09 
6.072541e-09 
6.064864e-09 
6.057200e-09 
6.049549e-09 
6.041911e-09 
6.034285e-09 
6.026672e-09 
6.019072e-09 
6.011485e-09 
6.003910e-09 
5.996348e-09 
5.988799e-09 
5.981262e-09 
5.973738e-09 
5.966226e-09 
5.958727e-09 
5.951241e-09 
5.943767e-09 
5.936306e-09 
5.928857e-09 
5.921420e-09 
5.913996e-09 
5.906585e-09 
5.899185e-09 
5.891798e-09 
5.884424e-09 
5.877061e-09 
5.869711e-09 
5.862374e-09 
5.855048e-09 
5.847735e-09 
5.840434e-09 
5.833145e-09 
5.825868e-09 
5.818603e-09 
5.811350e-09 
5.804110e-09 
5.796881e-09 
5.789665e-09 
5.782461e-09 
5.775268e-09 
5.768088e-09 
5.760919e-09 
5.753762e-09 
5.746618e-09 
5.739485e-09 
5.732364e-09 
5.725255e-09 
5.718157e-09 
5.711072e-09 
5.703998e-09 
5.696936e-09 
5.689885e-09 
5.682847e-09 
5.675820e-09 
5.668805e-09 
5.661801e-09 
5.654809e-09 
5.647828e-09 
5.640859e-09 
5.633902e-09 
5.626956e-09 
5.620022e-09 
5.613099e-09 
5.606187e-09 
5.599287e-09 
5.592399e-09 
5.585522e-09 
5.578656e-09 
5.571801e-09 
5.564958e-09 
5.558127e-09 
5.551306e-09 
5.544497e-09 
5.537699e-09 
5.530912e-09 
5.524136e-09 
5.517372e-09 
5.510619e-09 
5.503877e-09 
5.497146e-09 
5.490426e-09 
5.483717e-09 
5.477019e-09 
5.470333e-09 
5.463657e-09 
5.456993e-09 
5.450339e-09 
5.443696e-09 
5.437064e-09 
5.430443e-09 
5.423834e-09 
5.417234e-09 
5.410646e-09 
5.404069e-09 
5.397502e-09 
5.390946e-09 
5.384401e-09 
5.377867e-09 
5.371344e-09 
5.364831e-09 
5.358329e-09 
5.351837e-09 
5.345356e-09 
5.338886e-09 
5.332427e-09 
5.325978e-09 
5.319539e-09 
5.313112e-09 
5.306694e-09 
5.300288e-09 
5.293891e-09 
5.287506e-09 
5.281130e-09 
5.274765e-09 
5.268411e-09 
5.262067e-09 
5.255733e-09 
5.249410e-09 
5.243097e-09 
5.236794e-09 
5.230502e-09 
5.224220e-09 
5.217948e-09 
5.211686e-09 
5.205435e-09 
5.199194e-09 
5.192963e-09 
5.186742e-09 
5.180532e-09 
5.174331e-09 
5.168141e-09 
5.161961e-09 
5.155791e-09 
5.149630e-09 
5.143480e-09 
5.137340e-09 
5.131210e-09 
5.125090e-09 
5.118980e-09 
5.112880e-09 
5.106790e-09 
5.100709e-09 
5.094639e-09 
5.088578e-09 
5.082528e-09 
5.076487e-09 
5.070456e-09 
5.064435e-09 
