   2.53386537927e+08    2.02709230341e+09    5.06773075853e+05    6.20500000000e+00 
3501 
1.778018e-04 
1.771362e-04 
1.764739e-04 
1.758145e-04 
1.751583e-04 
1.745052e-04 
1.738554e-04 
1.732088e-04 
1.725655e-04 
1.719254e-04 
1.712885e-04 
1.706548e-04 
1.700242e-04 
1.693969e-04 
1.687726e-04 
1.681516e-04 
1.675336e-04 
1.669188e-04 
1.663070e-04 
1.656984e-04 
1.650928e-04 
1.644902e-04 
1.638907e-04 
1.632943e-04 
1.627009e-04 
1.621104e-04 
1.615230e-04 
1.609386e-04 
1.603572e-04 
1.597791e-04 
1.592039e-04 
1.586315e-04 
1.580618e-04 
1.574947e-04 
1.569303e-04 
1.563687e-04 
1.558098e-04 
1.552537e-04 
1.547003e-04 
1.541496e-04 
1.536016e-04 
1.530563e-04 
1.525137e-04 
1.519737e-04 
1.514364e-04 
1.509018e-04 
1.503698e-04 
1.498404e-04 
1.493136e-04 
1.487894e-04 
1.482677e-04 
1.477487e-04 
1.472321e-04 
1.467182e-04 
1.462067e-04 
1.456977e-04 
1.451912e-04 
1.446872e-04 
1.441857e-04 
1.436866e-04 
1.431900e-04 
1.426957e-04 
1.422039e-04 
1.417145e-04 
1.412275e-04 
1.407428e-04 
1.402605e-04 
1.397806e-04 
1.393030e-04 
1.388277e-04 
1.383547e-04 
1.378840e-04 
1.374156e-04 
1.369495e-04 
1.364857e-04 
1.360240e-04 
1.355647e-04 
1.351076e-04 
1.346528e-04 
1.342003e-04 
1.337500e-04 
1.333019e-04 
1.328558e-04 
1.324117e-04 
1.319697e-04 
1.315298e-04 
1.310919e-04 
1.306561e-04 
1.302224e-04 
1.297907e-04 
1.293611e-04 
1.289334e-04 
1.285079e-04 
1.280843e-04 
1.276627e-04 
1.272432e-04 
1.268257e-04 
1.264102e-04 
1.259967e-04 
1.255852e-04 
1.251756e-04 
1.247681e-04 
1.243624e-04 
1.239584e-04 
1.235562e-04 
1.231557e-04 
1.227572e-04 
1.223604e-04 
1.219655e-04 
1.215723e-04 
1.211810e-04 
1.207915e-04 
1.204037e-04 
1.200177e-04 
1.196335e-04 
1.192511e-04 
1.188703e-04 
1.184914e-04 
1.181141e-04 
1.177386e-04 
1.173648e-04 
1.169928e-04 
1.166224e-04 
1.162538e-04 
1.158868e-04 
1.155215e-04 
1.151578e-04 
1.147959e-04 
1.144355e-04 
1.140768e-04 
1.137198e-04 
1.133643e-04 
1.130105e-04 
1.126582e-04 
1.123075e-04 
1.119584e-04 
1.116107e-04 
1.112646e-04 
1.109199e-04 
1.105769e-04 
1.102353e-04 
1.098953e-04 
1.095567e-04 
1.092197e-04 
1.088841e-04 
1.085501e-04 
1.082175e-04 
1.078864e-04 
1.075567e-04 
1.072285e-04 
1.069018e-04 
1.065765e-04 
1.062526e-04 
1.059301e-04 
1.056090e-04 
1.052894e-04 
1.049711e-04 
1.046542e-04 
1.043387e-04 
1.040246e-04 
1.037118e-04 
1.034004e-04 
1.030903e-04 
1.027816e-04 
1.024742e-04 
1.021682e-04 
1.018635e-04 
1.015601e-04 
1.012580e-04 
1.009572e-04 
1.006577e-04 
1.003595e-04 
1.000626e-04 
9.976694e-05 
9.947256e-05 
9.917944e-05 
9.888758e-05 
9.859697e-05 
9.830760e-05 
9.801946e-05 
9.773255e-05 
9.744686e-05 
9.716239e-05 
9.687913e-05 
9.659707e-05 
9.631621e-05 
9.603653e-05 
9.575805e-05 
9.548074e-05 
9.520460e-05 
9.492962e-05 
9.465580e-05 
9.438314e-05 
9.411162e-05 
9.384124e-05 
9.357201e-05 
9.330392e-05 
9.303696e-05 
9.277113e-05 
9.250642e-05 
9.224280e-05 
9.198027e-05 
9.171883e-05 
9.145847e-05 
9.119917e-05 
9.094095e-05 
9.068378e-05 
9.042767e-05 
9.017261e-05 
8.991860e-05 
8.966563e-05 
8.941369e-05 
8.916279e-05 
8.891291e-05 
8.866406e-05 
8.841622e-05 
8.816939e-05 
8.792357e-05 
8.767875e-05 
8.743493e-05 
8.719210e-05 
8.695026e-05 
8.670940e-05 
8.646951e-05 
8.623060e-05 
8.599265e-05 
8.575567e-05 
8.551964e-05 
8.528457e-05 
8.505044e-05 
8.481725e-05 
8.458501e-05 
8.435369e-05 
8.412331e-05 
8.389385e-05 
8.366531e-05 
8.343769e-05 
8.321098e-05 
8.298517e-05 
8.276026e-05 
8.253625e-05 
8.231313e-05 
8.209090e-05 
8.186956e-05 
8.164911e-05 
8.142956e-05 
8.121090e-05 
8.099312e-05 
8.077621e-05 
8.056016e-05 
8.034496e-05 
8.013059e-05 
7.991705e-05 
7.970434e-05 
7.949244e-05 
7.928136e-05 
7.907108e-05 
7.886161e-05 
7.865294e-05 
7.844506e-05 
7.823798e-05 
7.803169e-05 
7.782619e-05 
7.762148e-05 
7.741755e-05 
7.721441e-05 
7.701205e-05 
7.681047e-05 
7.660966e-05 
7.640962e-05 
7.621034e-05 
7.601183e-05 
7.581407e-05 
7.561707e-05 
7.542081e-05 
7.522530e-05 
7.503054e-05 
7.483651e-05 
7.464322e-05 
7.445066e-05 
7.425883e-05 
7.406773e-05 
7.387735e-05 
7.368769e-05 
7.349875e-05 
7.331052e-05 
7.312300e-05 
7.293618e-05 
7.275007e-05 
7.256466e-05 
7.237994e-05 
7.219591e-05 
7.201258e-05 
7.182993e-05 
7.164797e-05 
7.146669e-05 
7.128610e-05 
7.110618e-05 
7.092694e-05 
7.074837e-05 
7.057048e-05 
7.039325e-05 
7.021667e-05 
7.004072e-05 
6.986539e-05 
6.969070e-05 
6.951665e-05 
6.934324e-05 
6.917045e-05 
6.899830e-05 
6.882678e-05 
6.865588e-05 
6.848560e-05 
6.831594e-05 
6.814690e-05 
6.797847e-05 
6.781065e-05 
6.764344e-05 
6.747684e-05 
6.731084e-05 
6.714544e-05 
6.698064e-05 
6.681643e-05 
6.665281e-05 
6.648978e-05 
6.632734e-05 
6.616548e-05 
6.600420e-05 
6.584350e-05 
6.568337e-05 
6.552382e-05 
6.536484e-05 
6.520642e-05 
6.504857e-05 
6.489128e-05 
6.473455e-05 
6.457838e-05 
6.442277e-05 
6.426771e-05 
6.411320e-05 
6.395924e-05 
6.380582e-05 
6.365295e-05 
6.350062e-05 
6.334883e-05 
6.319757e-05 
6.304685e-05 
6.289665e-05 
6.274698e-05 
6.259784e-05 
6.244921e-05 
6.230111e-05 
6.215352e-05 
6.200644e-05 
6.185988e-05 
6.171383e-05 
6.156829e-05 
6.142325e-05 
6.127872e-05 
6.113470e-05 
6.099117e-05 
6.084814e-05 
6.070561e-05 
6.056358e-05 
6.042204e-05 
6.028099e-05 
6.014044e-05 
6.000036e-05 
5.986078e-05 
5.972167e-05 
5.958305e-05 
5.944489e-05 
5.930722e-05 
5.917001e-05 
5.903327e-05 
5.889699e-05 
5.876117e-05 
5.862581e-05 
5.849091e-05 
5.835646e-05 
5.822246e-05 
5.808891e-05 
5.795581e-05 
5.782315e-05 
5.769095e-05 
5.755918e-05 
5.742786e-05 
5.729699e-05 
5.716656e-05 
5.703658e-05 
5.690704e-05 
5.677794e-05 
5.664929e-05 
5.652107e-05 
5.639328e-05 
5.626593e-05 
5.613900e-05 
5.601249e-05 
5.588640e-05 
5.576073e-05 
5.563547e-05 
5.551062e-05 
5.538618e-05 
5.526215e-05 
5.513853e-05 
5.501531e-05 
5.489249e-05 
5.477008e-05 
5.464808e-05 
5.452647e-05 
5.440526e-05 
5.428446e-05 
5.416406e-05 
5.404405e-05 
5.392444e-05 
5.380523e-05 
5.368641e-05 
5.356798e-05 
5.344995e-05 
5.333230e-05 
5.321505e-05 
5.309817e-05 
5.298168e-05 
5.286556e-05 
5.274982e-05 
5.263446e-05 
5.251946e-05 
5.240484e-05 
5.229059e-05 
5.217670e-05 
5.206317e-05 
5.195001e-05 
5.183720e-05 
5.172476e-05 
5.161267e-05 
5.150095e-05 
5.138958e-05 
5.127857e-05 
5.116791e-05 
5.105761e-05 
5.094767e-05 
5.083808e-05 
5.072885e-05 
5.061996e-05 
5.051142e-05 
5.040323e-05 
5.029538e-05 
5.018787e-05 
5.008070e-05 
4.997386e-05 
4.986736e-05 
4.976119e-05 
4.965535e-05 
4.954984e-05 
4.944465e-05 
4.933980e-05 
4.923527e-05 
4.913107e-05 
4.902720e-05 
4.892365e-05 
4.882042e-05 
4.871752e-05 
4.861494e-05 
4.851269e-05 
4.841075e-05 
4.830913e-05 
4.820783e-05 
4.810686e-05 
4.800619e-05 
4.790584e-05 
4.780580e-05 
4.770608e-05 
4.760666e-05 
4.750755e-05 
4.740874e-05 
4.731024e-05 
4.721204e-05 
4.711414e-05 
4.701654e-05 
4.691923e-05 
4.682222e-05 
4.672550e-05 
4.662908e-05 
4.653295e-05 
4.643711e-05 
4.634156e-05 
4.624630e-05 
4.615134e-05 
4.605666e-05 
4.596227e-05 
4.586817e-05 
4.577436e-05 
4.568083e-05 
4.558759e-05 
4.549463e-05 
4.540195e-05 
4.530956e-05 
4.521744e-05 
4.512559e-05 
4.503403e-05 
4.494273e-05 
4.485170e-05 
4.476095e-05 
4.467047e-05 
4.458025e-05 
4.449030e-05 
4.440063e-05 
4.431121e-05 
4.422207e-05 
4.413319e-05 
4.404457e-05 
4.395622e-05 
4.386813e-05 
4.378030e-05 
4.369274e-05 
4.360543e-05 
4.351839e-05 
4.343161e-05 
4.334508e-05 
4.325881e-05 
4.317280e-05 
4.308704e-05 
4.300153e-05 
4.291627e-05 
4.283127e-05 
4.274651e-05 
4.266200e-05 
4.257774e-05 
4.249372e-05 
4.240995e-05 
4.232642e-05 
4.224313e-05 
4.216008e-05 
4.207727e-05 
4.199470e-05 
4.191238e-05 
4.183028e-05 
4.174843e-05 
4.166681e-05 
4.158543e-05 
4.150429e-05 
4.142338e-05 
4.134270e-05 
4.126226e-05 
4.118205e-05 
4.110207e-05 
4.102232e-05 
4.094280e-05 
4.086351e-05 
4.078445e-05 
4.070562e-05 
4.062701e-05 
4.054863e-05 
4.047047e-05 
4.039254e-05 
4.031483e-05 
4.023734e-05 
4.016007e-05 
4.008302e-05 
4.000619e-05 
3.992958e-05 
3.985319e-05 
3.977701e-05 
3.970105e-05 
3.962531e-05 
3.954978e-05 
3.947446e-05 
3.939935e-05 
3.932446e-05 
3.924978e-05 
3.917531e-05 
3.910104e-05 
3.902699e-05 
3.895315e-05 
3.887951e-05 
3.880608e-05 
3.873285e-05 
3.865983e-05 
3.858702e-05 
3.851440e-05 
3.844199e-05 
3.836978e-05 
3.829778e-05 
3.822597e-05 
3.815436e-05 
3.808296e-05 
3.801175e-05 
3.794073e-05 
3.786992e-05 
3.779930e-05 
3.772887e-05 
3.765864e-05 
3.758860e-05 
3.751876e-05 
3.744911e-05 
3.737965e-05 
3.731038e-05 
3.724130e-05 
3.717241e-05 
3.710370e-05 
3.703519e-05 
3.696687e-05 
3.689873e-05 
3.683077e-05 
3.676301e-05 
3.669542e-05 
3.662802e-05 
3.656081e-05 
3.649377e-05 
3.642692e-05 
3.636025e-05 
3.629377e-05 
3.622746e-05 
3.616133e-05 
3.609538e-05 
3.602961e-05 
3.596402e-05 
3.589860e-05 
3.583336e-05 
3.576830e-05 
3.570342e-05 
3.563870e-05 
3.557417e-05 
3.550981e-05 
3.544562e-05 
3.538160e-05 
3.531776e-05 
3.525409e-05 
3.519059e-05 
3.512726e-05 
3.506410e-05 
3.500111e-05 
3.493828e-05 
3.487562e-05 
3.481313e-05 
3.475081e-05 
3.468865e-05 
3.462665e-05 
3.456482e-05 
3.450315e-05 
3.444165e-05 
3.438031e-05 
3.431913e-05 
3.425811e-05 
3.419725e-05 
3.413655e-05 
3.407601e-05 
3.401563e-05 
3.395541e-05 
3.389535e-05 
3.383544e-05 
3.377570e-05 
3.371610e-05 
3.365667e-05 
3.359739e-05 
3.353826e-05 
3.347929e-05 
3.342047e-05 
3.336181e-05 
3.330330e-05 
3.324494e-05 
3.318673e-05 
3.312867e-05 
3.307076e-05 
3.301301e-05 
3.295540e-05 
3.289794e-05 
3.284063e-05 
3.278347e-05 
3.272645e-05 
3.266959e-05 
3.261286e-05 
3.255629e-05 
3.249986e-05 
3.244357e-05 
3.238743e-05 
3.233144e-05 
3.227559e-05 
3.221988e-05 
3.216431e-05 
3.210888e-05 
3.205360e-05 
3.199846e-05 
3.194346e-05 
3.188860e-05 
3.183388e-05 
3.177930e-05 
3.172485e-05 
3.167055e-05 
3.161638e-05 
3.156235e-05 
3.150846e-05 
3.145470e-05 
3.140108e-05 
3.134760e-05 
3.129425e-05 
3.124103e-05 
3.118795e-05 
3.113500e-05 
3.108219e-05 
3.102951e-05 
3.097696e-05 
3.092454e-05 
3.087225e-05 
3.082010e-05 
3.076807e-05 
3.071618e-05 
3.066441e-05 
3.061277e-05 
3.056127e-05 
3.050989e-05 
3.045864e-05 
3.040751e-05 
3.035652e-05 
3.030565e-05 
3.025491e-05 
3.020429e-05 
3.015380e-05 
3.010343e-05 
3.005319e-05 
3.000307e-05 
2.995308e-05 
2.990320e-05 
2.985346e-05 
2.980383e-05 
2.975433e-05 
2.970495e-05 
2.965569e-05 
2.960655e-05 
2.955753e-05 
2.950863e-05 
2.945986e-05 
2.941120e-05 
2.936266e-05 
2.931425e-05 
2.926595e-05 
2.921776e-05 
2.916970e-05 
2.912175e-05 
2.907393e-05 
2.902621e-05 
2.897862e-05 
2.893114e-05 
2.888377e-05 
2.883652e-05 
2.878939e-05 
2.874236e-05 
2.869546e-05 
2.864866e-05 
2.860198e-05 
2.855541e-05 
2.850896e-05 
2.846261e-05 
2.841638e-05 
2.837026e-05 
2.832425e-05 
2.827835e-05 
2.823256e-05 
2.818688e-05 
2.814131e-05 
2.809585e-05 
2.805049e-05 
2.800525e-05 
2.796011e-05 
2.791508e-05 
2.787016e-05 
2.782534e-05 
2.778063e-05 
2.773603e-05 
2.769153e-05 
2.764714e-05 
2.760286e-05 
2.755868e-05 
2.751460e-05 
2.747063e-05 
2.742677e-05 
2.738300e-05 
2.733934e-05 
2.729579e-05 
2.725234e-05 
2.720899e-05 
2.716574e-05 
2.712260e-05 
2.707955e-05 
2.703661e-05 
2.699377e-05 
2.695103e-05 
2.690839e-05 
2.686585e-05 
2.682341e-05 
2.678107e-05 
2.673883e-05 
2.669669e-05 
2.665464e-05 
2.661270e-05 
2.657085e-05 
2.652910e-05 
2.648744e-05 
2.644589e-05 
2.640443e-05 
2.636306e-05 
2.632179e-05 
2.628062e-05 
2.623954e-05 
2.619856e-05 
2.615767e-05 
2.611688e-05 
2.607618e-05 
2.603557e-05 
2.599506e-05 
2.595464e-05 
2.591431e-05 
2.587408e-05 
2.583394e-05 
2.579389e-05 
2.575393e-05 
2.571407e-05 
2.567430e-05 
2.563461e-05 
2.559502e-05 
2.555552e-05 
2.551611e-05 
2.547679e-05 
2.543756e-05 
2.539842e-05 
2.535937e-05 
2.532040e-05 
2.528153e-05 
2.524274e-05 
2.520405e-05 
2.516544e-05 
2.512691e-05 
2.508848e-05 
2.505013e-05 
2.501187e-05 
2.497370e-05 
2.493561e-05 
2.489761e-05 
2.485970e-05 
2.482187e-05 
2.478412e-05 
2.474646e-05 
2.470889e-05 
2.467140e-05 
2.463399e-05 
2.459667e-05 
2.455943e-05 
2.452228e-05 
2.448520e-05 
2.444822e-05 
2.441131e-05 
2.437449e-05 
2.433774e-05 
2.430108e-05 
2.426451e-05 
2.422801e-05 
2.419159e-05 
2.415526e-05 
2.411901e-05 
2.408283e-05 
2.404674e-05 
2.401073e-05 
2.397479e-05 
2.393894e-05 
2.390316e-05 
2.386747e-05 
2.383185e-05 
2.379632e-05 
2.376086e-05 
2.372547e-05 
2.369017e-05 
2.365495e-05 
2.361980e-05 
2.358473e-05 
2.354973e-05 
2.351482e-05 
2.347998e-05 
2.344521e-05 
2.341052e-05 
2.337591e-05 
2.334138e-05 
2.330692e-05 
2.327253e-05 
2.323822e-05 
2.320398e-05 
2.316982e-05 
2.313574e-05 
2.310173e-05 
2.306779e-05 
2.303392e-05 
2.300013e-05 
2.296642e-05 
2.293277e-05 
2.289920e-05 
2.286570e-05 
2.283228e-05 
2.279892e-05 
2.276564e-05 
2.273243e-05 
2.269929e-05 
2.266623e-05 
2.263323e-05 
2.260031e-05 
2.256745e-05 
2.253467e-05 
2.250196e-05 
2.246931e-05 
2.243674e-05 
2.240424e-05 
2.237180e-05 
2.233944e-05 
2.230714e-05 
2.227491e-05 
2.224275e-05 
2.221066e-05 
2.217864e-05 
2.214669e-05 
2.211480e-05 
2.208299e-05 
2.205124e-05 
2.201955e-05 
2.198794e-05 
2.195639e-05 
2.192491e-05 
2.189349e-05 
2.186214e-05 
2.183086e-05 
2.179964e-05 
2.176849e-05 
2.173741e-05 
2.170639e-05 
2.167544e-05 
2.164455e-05 
2.161372e-05 
2.158297e-05 
2.155227e-05 
2.152164e-05 
2.149108e-05 
2.146058e-05 
2.143014e-05 
2.139977e-05 
2.136946e-05 
2.133922e-05 
2.130904e-05 
2.127892e-05 
2.124887e-05 
2.121887e-05 
2.118894e-05 
2.115908e-05 
2.112927e-05 
2.109953e-05 
2.106985e-05 
2.104023e-05 
2.101067e-05 
2.098117e-05 
2.095174e-05 
2.092236e-05 
2.089305e-05 
2.086379e-05 
2.083460e-05 
2.080546e-05 
2.077639e-05 
2.074737e-05 
2.071842e-05 
2.068952e-05 
2.066069e-05 
2.063191e-05 
2.060319e-05 
2.057453e-05 
2.054593e-05 
2.051739e-05 
2.048891e-05 
2.046049e-05 
2.043212e-05 
2.040381e-05 
2.037556e-05 
2.034737e-05 
2.031923e-05 
2.029116e-05 
2.026314e-05 
2.023517e-05 
2.020727e-05 
2.017942e-05 
2.015163e-05 
2.012389e-05 
2.009622e-05 
2.006859e-05 
2.004103e-05 
2.001352e-05 
1.998606e-05 
1.995867e-05 
1.993132e-05 
1.990403e-05 
1.987680e-05 
1.984962e-05 
1.982250e-05 
1.979543e-05 
1.976842e-05 
1.974146e-05 
1.971455e-05 
1.968770e-05 
1.966090e-05 
1.963416e-05 
1.960746e-05 
1.958083e-05 
1.955424e-05 
1.952771e-05 
1.950123e-05 
1.947480e-05 
1.944843e-05 
1.942211e-05 
1.939584e-05 
1.936962e-05 
1.934346e-05 
1.931735e-05 
1.929128e-05 
1.926527e-05 
1.923932e-05 
1.921341e-05 
1.918755e-05 
1.916175e-05 
1.913600e-05 
1.911029e-05 
1.908464e-05 
1.905904e-05 
1.903349e-05 
1.900799e-05 
1.898254e-05 
1.895714e-05 
1.893179e-05 
1.890649e-05 
1.888124e-05 
1.885604e-05 
1.883089e-05 
1.880578e-05 
1.878073e-05 
1.875573e-05 
1.873077e-05 
1.870586e-05 
1.868101e-05 
1.865620e-05 
1.863143e-05 
1.860672e-05 
1.858206e-05 
1.855744e-05 
1.853287e-05 
1.850835e-05 
1.848388e-05 
1.845945e-05 
1.843507e-05 
1.841074e-05 
1.838646e-05 
1.836222e-05 
1.833803e-05 
1.831389e-05 
1.828979e-05 
1.826574e-05 
1.824174e-05 
1.821778e-05 
1.819387e-05 
1.817000e-05 
1.814618e-05 
1.812241e-05 
1.809868e-05 
1.807500e-05 
1.805136e-05 
1.802777e-05 
1.800422e-05 
1.798072e-05 
1.795727e-05 
1.793385e-05 
1.791049e-05 
1.788717e-05 
1.786389e-05 
1.784066e-05 
1.781747e-05 
1.779432e-05 
1.777122e-05 
1.774817e-05 
1.772515e-05 
1.770218e-05 
1.767926e-05 
1.765638e-05 
1.763354e-05 
1.761074e-05 
1.758799e-05 
1.756528e-05 
1.754262e-05 
1.751999e-05 
1.749741e-05 
1.747488e-05 
1.745238e-05 
1.742993e-05 
1.740752e-05 
1.738515e-05 
1.736282e-05 
1.734054e-05 
1.731830e-05 
1.729610e-05 
1.727394e-05 
1.725182e-05 
1.722974e-05 
1.720771e-05 
1.718572e-05 
1.716377e-05 
1.714185e-05 
1.711998e-05 
1.709816e-05 
1.707637e-05 
1.705462e-05 
1.703291e-05 
1.701124e-05 
1.698962e-05 
1.696803e-05 
1.694649e-05 
1.692498e-05 
1.690351e-05 
1.688209e-05 
1.686070e-05 
1.683935e-05 
1.681805e-05 
1.679678e-05 
1.677555e-05 
1.675436e-05 
1.673321e-05 
1.671210e-05 
1.669103e-05 
1.666999e-05 
1.664900e-05 
1.662804e-05 
1.660713e-05 
1.658625e-05 
1.656541e-05 
1.654460e-05 
1.652384e-05 
1.650311e-05 
1.648243e-05 
1.646177e-05 
1.644116e-05 
1.642059e-05 
1.640005e-05 
1.637955e-05 
1.635909e-05 
1.633866e-05 
1.631827e-05 
1.629792e-05 
1.627761e-05 
1.625733e-05 
1.623709e-05 
1.621688e-05 
1.619672e-05 
1.617659e-05 
1.615649e-05 
1.613643e-05 
1.611641e-05 
1.609643e-05 
1.607648e-05 
1.605656e-05 
1.603668e-05 
1.601684e-05 
1.599704e-05 
1.597726e-05 
1.595753e-05 
1.593783e-05 
1.591817e-05 
1.589854e-05 
1.587894e-05 
1.585939e-05 
1.583986e-05 
1.582037e-05 
1.580092e-05 
1.578150e-05 
1.576212e-05 
1.574277e-05 
1.572346e-05 
1.570418e-05 
1.568493e-05 
1.566572e-05 
1.564654e-05 
1.562740e-05 
1.560829e-05 
1.558922e-05 
1.557018e-05 
1.555117e-05 
1.553220e-05 
1.551326e-05 
1.549436e-05 
1.547549e-05 
1.545665e-05 
1.543784e-05 
1.541907e-05 
1.540033e-05 
1.538163e-05 
1.536295e-05 
1.534431e-05 
1.532571e-05 
1.530713e-05 
1.528859e-05 
1.527008e-05 
1.525160e-05 
1.523315e-05 
1.521474e-05 
1.519635e-05 
1.517800e-05 
1.515968e-05 
1.514139e-05 
1.512314e-05 
1.510491e-05 
1.508672e-05 
1.506855e-05 
1.505042e-05 
1.503232e-05 
1.501425e-05 
1.499621e-05 
1.497820e-05 
1.496023e-05 
1.494228e-05 
1.492436e-05 
1.490648e-05 
1.488863e-05 
1.487081e-05 
1.485301e-05 
1.483526e-05 
1.481753e-05 
1.479983e-05 
1.478217e-05 
1.476453e-05 
1.474693e-05 
1.472936e-05 
1.471182e-05 
1.469431e-05 
1.467683e-05 
1.465939e-05 
1.464197e-05 
1.462459e-05 
1.460724e-05 
1.458991e-05 
1.457262e-05 
1.455536e-05 
1.453812e-05 
1.452092e-05 
1.450374e-05 
1.448660e-05 
1.446948e-05 
1.445239e-05 
1.443532e-05 
1.441829e-05 
1.440128e-05 
1.438430e-05 
1.436735e-05 
1.435042e-05 
1.433352e-05 
1.431665e-05 
1.429981e-05 
1.428299e-05 
1.426620e-05 
1.424944e-05 
1.423271e-05 
1.421601e-05 
1.419934e-05 
1.418270e-05 
1.416608e-05 
1.414950e-05 
1.413294e-05 
1.411642e-05 
1.409992e-05 
1.408345e-05 
1.406701e-05 
1.405060e-05 
1.403421e-05 
1.401786e-05 
1.400153e-05 
1.398523e-05 
1.396895e-05 
1.395271e-05 
1.393649e-05 
1.392030e-05 
1.390413e-05 
1.388799e-05 
1.387188e-05 
1.385580e-05 
1.383974e-05 
1.382370e-05 
1.380770e-05 
1.379171e-05 
1.377576e-05 
1.375983e-05 
1.374393e-05 
1.372805e-05 
1.371220e-05 
1.369637e-05 
1.368057e-05 
1.366480e-05 
1.364905e-05 
1.363332e-05 
1.361763e-05 
1.360196e-05 
1.358631e-05 
1.357069e-05 
1.355509e-05 
1.353952e-05 
1.352398e-05 
1.350846e-05 
1.349296e-05 
1.347750e-05 
1.346205e-05 
1.344664e-05 
1.343124e-05 
1.341587e-05 
1.340053e-05 
1.338521e-05 
1.336992e-05 
1.335465e-05 
1.333941e-05 
1.332419e-05 
1.330900e-05 
1.329383e-05 
1.327869e-05 
1.326357e-05 
1.324847e-05 
1.323340e-05 
1.321836e-05 
1.320334e-05 
1.318834e-05 
1.317336e-05 
1.315842e-05 
1.314349e-05 
1.312859e-05 
1.311371e-05 
1.309886e-05 
1.308403e-05 
1.306922e-05 
1.305444e-05 
1.303968e-05 
1.302494e-05 
1.301023e-05 
1.299554e-05 
1.298087e-05 
1.296623e-05 
1.295161e-05 
1.293702e-05 
1.292244e-05 
1.290789e-05 
1.289337e-05 
1.287886e-05 
1.286438e-05 
1.284993e-05 
1.283549e-05 
1.282108e-05 
1.280669e-05 
1.279233e-05 
1.277798e-05 
1.276366e-05 
1.274936e-05 
1.273509e-05 
1.272083e-05 
1.270660e-05 
1.269239e-05 
1.267821e-05 
1.266404e-05 
1.264990e-05 
1.263578e-05 
1.262168e-05 
1.260761e-05 
1.259355e-05 
1.257952e-05 
1.256551e-05 
1.255152e-05 
1.253755e-05 
1.252361e-05 
1.250969e-05 
1.249578e-05 
1.248190e-05 
1.246804e-05 
1.245421e-05 
1.244039e-05 
1.242660e-05 
1.241282e-05 
1.239907e-05 
1.238534e-05 
1.237163e-05 
1.235794e-05 
1.234428e-05 
1.233063e-05 
1.231700e-05 
1.230340e-05 
1.228982e-05 
1.227625e-05 
1.226271e-05 
1.224919e-05 
1.223569e-05 
1.222221e-05 
1.220875e-05 
1.219531e-05 
1.218189e-05 
1.216849e-05 
1.215511e-05 
1.214175e-05 
1.212842e-05 
1.211510e-05 
1.210180e-05 
1.208852e-05 
1.207527e-05 
1.206203e-05 
1.204881e-05 
1.203562e-05 
1.202244e-05 
1.200928e-05 
1.199614e-05 
1.198303e-05 
1.196993e-05 
1.195685e-05 
1.194379e-05 
1.193075e-05 
1.191773e-05 
1.190473e-05 
1.189175e-05 
1.187879e-05 
1.186585e-05 
1.185292e-05 
1.184002e-05 
1.182713e-05 
1.181427e-05 
1.180142e-05 
1.178859e-05 
1.177579e-05 
1.176300e-05 
1.175022e-05 
1.173747e-05 
1.172474e-05 
1.171202e-05 
1.169933e-05 
1.168665e-05 
1.167399e-05 
1.166135e-05 
1.164873e-05 
1.163613e-05 
1.162354e-05 
1.161098e-05 
1.159843e-05 
1.158590e-05 
1.157339e-05 
1.156089e-05 
1.154842e-05 
1.153596e-05 
1.152352e-05 
1.151110e-05 
1.149870e-05 
1.148632e-05 
1.147395e-05 
1.146160e-05 
1.144927e-05 
1.143696e-05 
1.142466e-05 
1.141238e-05 
1.140012e-05 
1.138788e-05 
1.137565e-05 
1.136345e-05 
1.135125e-05 
1.133908e-05 
1.132693e-05 
1.131479e-05 
1.130267e-05 
1.129056e-05 
1.127848e-05 
1.126641e-05 
1.125436e-05 
1.124232e-05 
1.123030e-05 
1.121830e-05 
1.120632e-05 
1.119435e-05 
1.118240e-05 
1.117046e-05 
1.115855e-05 
1.114665e-05 
1.113476e-05 
1.112290e-05 
1.111105e-05 
1.109921e-05 
1.108739e-05 
1.107559e-05 
1.106381e-05 
1.105204e-05 
1.104029e-05 
1.102855e-05 
1.101683e-05 
1.100513e-05 
1.099345e-05 
1.098178e-05 
1.097012e-05 
1.095848e-05 
1.094686e-05 
1.093525e-05 
1.092366e-05 
1.091209e-05 
1.090053e-05 
1.088899e-05 
1.087746e-05 
1.086595e-05 
1.085445e-05 
1.084297e-05 
1.083151e-05 
1.082006e-05 
1.080862e-05 
1.079720e-05 
1.078580e-05 
1.077441e-05 
1.076304e-05 
1.075168e-05 
1.074034e-05 
1.072901e-05 
1.071770e-05 
1.070640e-05 
1.069512e-05 
1.068385e-05 
1.067260e-05 
1.066136e-05 
1.065013e-05 
1.063892e-05 
1.062773e-05 
1.061655e-05 
1.060538e-05 
1.059423e-05 
1.058310e-05 
1.057197e-05 
1.056087e-05 
1.054977e-05 
1.053870e-05 
1.052763e-05 
1.051658e-05 
1.050555e-05 
1.049453e-05 
1.048352e-05 
1.047253e-05 
1.046155e-05 
1.045058e-05 
1.043963e-05 
1.042869e-05 
1.041777e-05 
1.040686e-05 
1.039597e-05 
1.038508e-05 
1.037422e-05 
1.036336e-05 
1.035252e-05 
1.034169e-05 
1.033088e-05 
1.032008e-05 
1.030929e-05 
1.029852e-05 
1.028776e-05 
1.027701e-05 
1.026628e-05 
1.025555e-05 
1.024485e-05 
1.023415e-05 
1.022347e-05 
1.021280e-05 
1.020215e-05 
1.019150e-05 
1.018087e-05 
1.017026e-05 
1.015965e-05 
1.014906e-05 
1.013848e-05 
1.012792e-05 
1.011736e-05 
1.010682e-05 
1.009630e-05 
1.008578e-05 
1.007528e-05 
1.006478e-05 
1.005431e-05 
1.004384e-05 
1.003338e-05 
1.002294e-05 
1.001251e-05 
1.000209e-05 
9.991685e-06 
9.981290e-06 
9.970907e-06 
9.960536e-06 
9.950176e-06 
9.939829e-06 
9.929493e-06 
9.919169e-06 
9.908856e-06 
9.898555e-06 
9.888265e-06 
9.877987e-06 
9.867721e-06 
9.857466e-06 
9.847222e-06 
9.836989e-06 
9.826768e-06 
9.816557e-06 
9.806358e-06 
9.796169e-06 
9.785992e-06 
9.775825e-06 
9.765669e-06 
9.755523e-06 
9.745389e-06 
9.735264e-06 
9.725151e-06 
9.715048e-06 
9.704955e-06 
9.694873e-06 
9.684801e-06 
9.674739e-06 
9.664688e-06 
9.654647e-06 
9.644616e-06 
9.634595e-06 
9.624584e-06 
9.614583e-06 
9.604592e-06 
9.594611e-06 
9.584639e-06 
9.574678e-06 
9.564726e-06 
9.554783e-06 
9.544850e-06 
9.534926e-06 
9.525011e-06 
9.515105e-06 
9.505209e-06 
9.495321e-06 
9.485443e-06 
9.475573e-06 
9.465713e-06 
9.455862e-06 
9.446019e-06 
9.436185e-06 
9.426360e-06 
9.416544e-06 
9.406735e-06 
9.396935e-06 
9.387143e-06 
9.377359e-06 
9.367583e-06 
9.357815e-06 
9.348054e-06 
9.338302e-06 
9.328557e-06 
9.318820e-06 
9.309090e-06 
9.299368e-06 
9.289654e-06 
9.279948e-06 
9.270248e-06 
9.260556e-06 
9.250871e-06 
9.241193e-06 
9.231522e-06 
9.221858e-06 
9.212200e-06 
9.202548e-06 
9.192903e-06 
9.183264e-06 
9.173631e-06 
9.164005e-06 
9.154384e-06 
9.144769e-06 
9.135160e-06 
9.125557e-06 
9.115959e-06 
9.106368e-06 
9.096781e-06 
9.087200e-06 
9.077625e-06 
9.068054e-06 
9.058488e-06 
9.048926e-06 
9.039369e-06 
9.029817e-06 
9.020268e-06 
9.010724e-06 
9.001184e-06 
8.991647e-06 
8.982115e-06 
8.972586e-06 
8.963060e-06 
8.953538e-06 
8.944019e-06 
8.934502e-06 
8.924989e-06 
8.915478e-06 
8.905970e-06 
8.896464e-06 
8.886960e-06 
8.877458e-06 
8.867958e-06 
8.858460e-06 
8.848963e-06 
8.839467e-06 
8.829972e-06 
8.820478e-06 
8.810984e-06 
8.801490e-06 
8.791997e-06 
8.782503e-06 
8.773009e-06 
8.763514e-06 
8.754018e-06 
8.744520e-06 
8.735022e-06 
8.725522e-06 
8.716020e-06 
8.706516e-06 
8.697009e-06 
8.687500e-06 
8.677988e-06 
8.668473e-06 
8.658953e-06 
8.649430e-06 
8.639902e-06 
8.630369e-06 
8.620832e-06 
8.611289e-06 
8.601741e-06 
8.592186e-06 
8.582624e-06 
8.573055e-06 
8.563478e-06 
8.553894e-06 
8.544301e-06 
8.534699e-06 
8.525088e-06 
8.515467e-06 
8.505836e-06 
8.496195e-06 
8.486543e-06 
8.476879e-06 
8.467202e-06 
8.457512e-06 
8.447808e-06 
8.438090e-06 
8.428356e-06 
8.418606e-06 
8.408841e-06 
8.399058e-06 
8.389257e-06 
8.379437e-06 
8.369597e-06 
8.359735e-06 
8.349852e-06 
8.339947e-06 
8.330017e-06 
8.320064e-06 
8.310085e-06 
8.300080e-06 
8.290046e-06 
8.279983e-06 
8.269888e-06 
8.259761e-06 
8.249601e-06 
8.239405e-06 
8.229174e-06 
8.218904e-06 
8.208594e-06 
8.198242e-06 
8.187845e-06 
8.177403e-06 
8.166913e-06 
8.156372e-06 
8.145779e-06 
8.135130e-06 
8.124421e-06 
8.113651e-06 
8.102816e-06 
8.091913e-06 
8.080940e-06 
8.069891e-06 
8.058763e-06 
8.047551e-06 
8.036252e-06 
8.024860e-06 
8.013368e-06 
8.001771e-06 
7.990064e-06 
7.978239e-06 
7.966290e-06 
7.954207e-06 
7.941983e-06 
7.929606e-06 
7.917067e-06 
7.904357e-06 
7.891461e-06 
7.878359e-06 
7.865042e-06 
7.851495e-06 
7.837692e-06 
7.823613e-06 
7.809234e-06 
7.794523e-06 
7.779449e-06 
7.763981e-06 
7.748072e-06 
7.731665e-06 
7.714717e-06 
7.697140e-06 
7.678861e-06 
7.659778e-06 
7.639763e-06 
7.618666e-06 
7.596279e-06 
7.572361e-06 
7.546564e-06 
7.518425e-06 
7.487285e-06 
7.452187e-06 
7.411559e-06 
7.362783e-06 
7.300651e-06 
7.212763e-06 
7.050593e-06 
7.970701e-06 
7.146211e-06 
7.255182e-06 
7.307452e-06 
7.341254e-06 
7.368009e-06 
7.391492e-06 
7.412713e-06 
7.431456e-06 
7.447416e-06 
7.460739e-06 
7.471641e-06 
7.480664e-06 
7.488196e-06 
7.494723e-06 
7.500464e-06 
7.505656e-06 
7.510326e-06 
7.514581e-06 
7.518378e-06 
7.521561e-06 
7.524352e-06 
7.526703e-06 
7.528531e-06 
7.529964e-06 
7.531041e-06 
7.531785e-06 
7.532248e-06 
7.532508e-06 
7.532556e-06 
7.532396e-06 
7.532040e-06 
7.531500e-06 
7.530788e-06 
7.529917e-06 
7.528894e-06 
7.527728e-06 
7.526426e-06 
7.524996e-06 
7.523446e-06 
7.521783e-06 
7.520013e-06 
7.518141e-06 
7.516173e-06 
7.514116e-06 
7.511972e-06 
7.509745e-06 
7.507447e-06 
7.505086e-06 
7.502662e-06 
7.500167e-06 
7.497595e-06 
7.494944e-06 
7.492225e-06 
7.489453e-06 
7.486627e-06 
7.483744e-06 
7.480804e-06 
7.477806e-06 
7.474755e-06 
7.471650e-06 
7.468496e-06 
7.465292e-06 
7.462043e-06 
7.458748e-06 
7.455408e-06 
7.452023e-06 
7.448593e-06 
7.445118e-06 
7.441599e-06 
7.438040e-06 
7.434443e-06 
7.430811e-06 
7.427146e-06 
7.423449e-06 
7.419721e-06 
7.415963e-06 
7.412175e-06 
7.408357e-06 
7.404511e-06 
7.400638e-06 
7.396738e-06 
7.392812e-06 
7.388861e-06 
7.384885e-06 
7.380885e-06 
7.376862e-06 
7.372814e-06 
7.368740e-06 
7.364638e-06 
7.360511e-06 
7.356363e-06 
7.352198e-06 
7.348018e-06 
7.343824e-06 
7.339618e-06 
7.335400e-06 
7.331171e-06 
7.326929e-06 
7.322674e-06 
7.318406e-06 
7.314124e-06 
7.309827e-06 
7.305514e-06 
7.301185e-06 
7.296842e-06 
7.292485e-06 
7.288118e-06 
7.283741e-06 
7.279357e-06 
7.274967e-06 
7.270572e-06 
7.266169e-06 
7.261758e-06 
7.257339e-06 
7.252911e-06 
7.248473e-06 
7.244026e-06 
7.239570e-06 
7.235105e-06 
7.230631e-06 
7.226151e-06 
7.221665e-06 
7.217173e-06 
7.212676e-06 
7.208175e-06 
7.203670e-06 
7.199162e-06 
7.194651e-06 
7.190136e-06 
7.185618e-06 
7.181097e-06 
7.176572e-06 
7.172043e-06 
7.167509e-06 
7.162971e-06 
7.158428e-06 
7.153881e-06 
7.149329e-06 
7.144773e-06 
7.140214e-06 
7.135653e-06 
7.131090e-06 
7.126525e-06 
7.121958e-06 
7.117390e-06 
7.112819e-06 
7.108246e-06 
7.103671e-06 
7.099094e-06 
7.094515e-06 
7.089935e-06 
7.085353e-06 
7.080771e-06 
7.076188e-06 
7.071606e-06 
7.067026e-06 
7.062448e-06 
7.057872e-06 
7.053297e-06 
7.048721e-06 
7.044145e-06 
7.039566e-06 
7.034986e-06 
7.030402e-06 
7.025815e-06 
7.021225e-06 
7.016630e-06 
7.012031e-06 
7.007430e-06 
7.002826e-06 
6.998220e-06 
6.993613e-06 
6.989006e-06 
6.984398e-06 
6.979789e-06 
6.975181e-06 
6.970573e-06 
6.965965e-06 
6.961356e-06 
6.956748e-06 
6.952139e-06 
6.947529e-06 
6.942919e-06 
6.938307e-06 
6.933696e-06 
6.929084e-06 
6.924471e-06 
6.919857e-06 
6.915243e-06 
6.910628e-06 
6.906014e-06 
6.901399e-06 
6.896783e-06 
6.892168e-06 
6.887554e-06 
6.882939e-06 
6.878325e-06 
6.873712e-06 
6.869100e-06 
6.864488e-06 
6.859878e-06 
6.855269e-06 
6.850661e-06 
6.846054e-06 
6.841449e-06 
6.836846e-06 
6.832244e-06 
6.827644e-06 
6.823044e-06 
6.818446e-06 
6.813849e-06 
6.809253e-06 
6.804657e-06 
6.800063e-06 
6.795469e-06 
6.790876e-06 
6.786284e-06 
6.781692e-06 
6.777101e-06 
6.772511e-06 
6.767921e-06 
6.763332e-06 
6.758744e-06 
6.754158e-06 
6.749573e-06 
6.744990e-06 
6.740410e-06 
6.735831e-06 
6.731253e-06 
6.726678e-06 
6.722104e-06 
6.717531e-06 
6.712959e-06 
6.708388e-06 
6.703819e-06 
6.699250e-06 
6.694683e-06 
6.690117e-06 
6.685553e-06 
6.680991e-06 
6.676430e-06 
6.671871e-06 
6.667314e-06 
6.662758e-06 
6.658205e-06 
6.653653e-06 
6.649104e-06 
6.644556e-06 
6.640010e-06 
6.635465e-06 
6.630923e-06 
6.626383e-06 
6.621845e-06 
6.617308e-06 
6.612774e-06 
6.608242e-06 
6.603712e-06 
6.599184e-06 
6.594659e-06 
6.590135e-06 
6.585613e-06 
6.581094e-06 
6.576577e-06 
6.572061e-06 
6.567548e-06 
6.563037e-06 
6.558528e-06 
6.554021e-06 
6.549517e-06 
6.545015e-06 
6.540515e-06 
6.536018e-06 
6.531523e-06 
6.527030e-06 
6.522539e-06 
6.518050e-06 
6.513562e-06 
6.509075e-06 
6.504590e-06 
6.500105e-06 
6.495623e-06 
6.491143e-06 
6.486666e-06 
6.482193e-06 
6.477723e-06 
6.473257e-06 
6.468795e-06 
6.464338e-06 
6.459885e-06 
6.455436e-06 
6.450991e-06 
6.446549e-06 
6.442110e-06 
6.437674e-06 
6.433240e-06 
6.428810e-06 
6.424382e-06 
6.419957e-06 
6.415535e-06 
6.411117e-06 
6.406701e-06 
6.402289e-06 
6.397880e-06 
6.393475e-06 
6.389073e-06 
6.384673e-06 
6.380277e-06 
6.375884e-06 
6.371494e-06 
6.367107e-06 
6.362723e-06 
6.358343e-06 
6.353965e-06 
6.349590e-06 
6.345219e-06 
6.340851e-06 
6.336486e-06 
6.332124e-06 
6.327765e-06 
6.323410e-06 
6.319057e-06 
6.314707e-06 
6.310361e-06 
6.306017e-06 
6.301676e-06 
6.297338e-06 
6.293002e-06 
6.288670e-06 
6.284342e-06 
6.280016e-06 
6.275693e-06 
6.271374e-06 
6.267059e-06 
6.262746e-06 
6.258437e-06 
6.254132e-06 
6.249830e-06 
6.245532e-06 
6.241237e-06 
6.236946e-06 
6.232658e-06 
6.228374e-06 
6.224093e-06 
6.219815e-06 
6.215540e-06 
6.211268e-06 
6.206998e-06 
6.202732e-06 
6.198469e-06 
6.194210e-06 
6.189953e-06 
6.185701e-06 
6.181452e-06 
6.177207e-06 
6.172967e-06 
6.168730e-06 
6.164497e-06 
6.160268e-06 
6.156042e-06 
6.151819e-06 
6.147600e-06 
6.143383e-06 
6.139169e-06 
6.134959e-06 
6.130751e-06 
6.126547e-06 
6.122346e-06 
6.118148e-06 
6.113954e-06 
6.109763e-06 
6.105575e-06 
6.101391e-06 
6.097210e-06 
6.093032e-06 
6.088858e-06 
6.084686e-06 
6.080518e-06 
6.076353e-06 
6.072191e-06 
6.068032e-06 
6.063877e-06 
6.059725e-06 
6.055577e-06 
6.051433e-06 
6.047292e-06 
6.043154e-06 
6.039021e-06 
6.034890e-06 
6.030764e-06 
6.026641e-06 
6.022521e-06 
6.018405e-06 
6.014293e-06 
6.010184e-06 
6.006078e-06 
6.001976e-06 
5.997878e-06 
5.993783e-06 
5.989691e-06 
5.985603e-06 
5.981518e-06 
5.977437e-06 
5.973359e-06 
5.969284e-06 
5.965213e-06 
5.961146e-06 
5.957081e-06 
5.953021e-06 
5.948963e-06 
5.944909e-06 
5.940859e-06 
5.936812e-06 
5.932769e-06 
5.928729e-06 
5.924692e-06 
5.920659e-06 
5.916629e-06 
5.912603e-06 
5.908581e-06 
5.904561e-06 
5.900545e-06 
5.896533e-06 
5.892524e-06 
5.888518e-06 
5.884516e-06 
5.880517e-06 
5.876522e-06 
5.872530e-06 
5.868542e-06 
5.864557e-06 
5.860575e-06 
5.856597e-06 
5.852623e-06 
5.848651e-06 
5.844683e-06 
5.840719e-06 
5.836757e-06 
5.832800e-06 
5.828845e-06 
5.824894e-06 
5.820946e-06 
5.817002e-06 
5.813061e-06 
5.809124e-06 
5.805190e-06 
5.801260e-06 
5.797333e-06 
5.793409e-06 
5.789489e-06 
5.785572e-06 
5.781658e-06 
5.777748e-06 
5.773841e-06 
5.769937e-06 
5.766037e-06 
5.762140e-06 
5.758247e-06 
5.754356e-06 
5.750470e-06 
5.746586e-06 
5.742706e-06 
5.738830e-06 
5.734957e-06 
5.731087e-06 
5.727220e-06 
5.723358e-06 
5.719498e-06 
5.715642e-06 
5.711790e-06 
5.707941e-06 
5.704095e-06 
5.700253e-06 
5.696415e-06 
5.692580e-06 
5.688748e-06 
5.684920e-06 
5.681095e-06 
5.677274e-06 
5.673456e-06 
5.669641e-06 
5.665830e-06 
5.662022e-06 
5.658218e-06 
5.654417e-06 
5.650620e-06 
5.646826e-06 
5.643035e-06 
5.639248e-06 
5.635464e-06 
5.631684e-06 
5.627907e-06 
5.624133e-06 
5.620363e-06 
5.616597e-06 
5.612833e-06 
5.609073e-06 
5.605317e-06 
5.601563e-06 
5.597813e-06 
5.594067e-06 
5.590324e-06 
5.586584e-06 
5.582847e-06 
5.579114e-06 
5.575384e-06 
5.571658e-06 
5.567934e-06 
5.564215e-06 
5.560498e-06 
5.556785e-06 
5.553075e-06 
5.549369e-06 
5.545666e-06 
5.541967e-06 
5.538271e-06 
5.534578e-06 
5.530889e-06 
5.527204e-06 
5.523522e-06 
5.519844e-06 
5.516170e-06 
5.512499e-06 
5.508832e-06 
5.505168e-06 
5.501507e-06 
5.497851e-06 
5.494197e-06 
5.490547e-06 
5.486900e-06 
5.483257e-06 
5.479616e-06 
5.475979e-06 
5.472345e-06 
5.468714e-06 
5.465086e-06 
5.461461e-06 
5.457839e-06 
5.454220e-06 
5.450603e-06 
5.446990e-06 
5.443380e-06 
5.439773e-06 
5.436169e-06 
5.432568e-06 
5.428970e-06 
5.425375e-06 
5.421783e-06 
5.418195e-06 
5.414609e-06 
5.411027e-06 
5.407448e-06 
5.403872e-06 
5.400299e-06 
5.396730e-06 
5.393163e-06 
5.389600e-06 
5.386039e-06 
5.382482e-06 
5.378928e-06 
5.375378e-06 
5.371830e-06 
5.368285e-06 
5.364744e-06 
5.361206e-06 
5.357671e-06 
5.354139e-06 
5.350610e-06 
5.347084e-06 
5.343561e-06 
5.340042e-06 
5.336526e-06 
5.333012e-06 
5.329502e-06 
5.325995e-06 
5.322492e-06 
5.318991e-06 
5.315494e-06 
5.311999e-06 
5.308508e-06 
5.305020e-06 
5.301535e-06 
5.298053e-06 
5.294574e-06 
5.291099e-06 
5.287626e-06 
5.284157e-06 
5.280690e-06 
5.277227e-06 
5.273767e-06 
5.270310e-06 
5.266856e-06 
5.263405e-06 
5.259958e-06 
5.256513e-06 
5.253071e-06 
5.249633e-06 
5.246198e-06 
5.242766e-06 
5.239337e-06 
5.235911e-06 
5.232488e-06 
5.229068e-06 
5.225652e-06 
5.222239e-06 
5.218828e-06 
5.215421e-06 
5.212017e-06 
5.208617e-06 
5.205219e-06 
5.201825e-06 
5.198433e-06 
5.195045e-06 
5.191660e-06 
5.188277e-06 
5.184898e-06 
5.181522e-06 
5.178149e-06 
5.174778e-06 
5.171411e-06 
5.168046e-06 
5.164685e-06 
5.161326e-06 
5.157970e-06 
5.154618e-06 
5.151268e-06 
5.147921e-06 
5.144577e-06 
5.141235e-06 
5.137897e-06 
5.134562e-06 
5.131229e-06 
5.127900e-06 
5.124573e-06 
5.121250e-06 
5.117929e-06 
5.114612e-06 
5.111297e-06 
5.107986e-06 
5.104677e-06 
5.101371e-06 
5.098069e-06 
5.094769e-06 
5.091472e-06 
5.088178e-06 
5.084887e-06 
5.081599e-06 
5.078314e-06 
5.075032e-06 
5.071753e-06 
5.068477e-06 
5.065204e-06 
5.061934e-06 
5.058666e-06 
5.055402e-06 
5.052141e-06 
5.048882e-06 
5.045626e-06 
5.042374e-06 
5.039124e-06 
5.035877e-06 
5.032633e-06 
5.029392e-06 
5.026154e-06 
5.022919e-06 
5.019687e-06 
5.016458e-06 
5.013231e-06 
5.010008e-06 
5.006787e-06 
5.003569e-06 
5.000355e-06 
4.997143e-06 
4.993935e-06 
4.990729e-06 
4.987527e-06 
4.984327e-06 
4.981131e-06 
4.977937e-06 
4.974746e-06 
4.971559e-06 
4.968374e-06 
4.965191e-06 
4.962012e-06 
4.958836e-06 
4.955662e-06 
4.952491e-06 
4.949322e-06 
4.946157e-06 
4.942994e-06 
4.939834e-06 
4.936676e-06 
4.933521e-06 
4.930369e-06 
4.927220e-06 
4.924073e-06 
4.920929e-06 
4.917788e-06 
4.914649e-06 
4.911513e-06 
4.908380e-06 
4.905250e-06 
4.902123e-06 
4.898998e-06 
4.895876e-06 
4.892757e-06 
4.889640e-06 
4.886527e-06 
4.883416e-06 
4.880308e-06 
4.877202e-06 
4.874100e-06 
4.871000e-06 
4.867903e-06 
4.864808e-06 
4.861717e-06 
4.858628e-06 
4.855541e-06 
4.852458e-06 
4.849377e-06 
4.846299e-06 
4.843224e-06 
4.840151e-06 
4.837082e-06 
4.834014e-06 
4.830950e-06 
4.827888e-06 
4.824829e-06 
4.821773e-06 
4.818719e-06 
4.815669e-06 
4.812620e-06 
4.809575e-06 
4.806532e-06 
4.803492e-06 
4.800455e-06 
4.797420e-06 
4.794388e-06 
4.791359e-06 
4.788332e-06 
4.785309e-06 
4.782287e-06 
4.779269e-06 
4.776253e-06 
4.773240e-06 
4.770229e-06 
4.767221e-06 
4.764216e-06 
4.761214e-06 
4.758214e-06 
4.755217e-06 
4.752222e-06 
4.749230e-06 
4.746241e-06 
4.743255e-06 
4.740271e-06 
4.737289e-06 
4.734311e-06 
4.731335e-06 
4.728361e-06 
4.725391e-06 
4.722423e-06 
4.719457e-06 
4.716494e-06 
4.713534e-06 
4.710577e-06 
4.707622e-06 
4.704669e-06 
4.701720e-06 
4.698773e-06 
4.695828e-06 
4.692887e-06 
4.689947e-06 
4.687011e-06 
4.684077e-06 
4.681145e-06 
4.678217e-06 
4.675290e-06 
4.672367e-06 
4.669446e-06 
4.666527e-06 
4.663612e-06 
4.660698e-06 
4.657788e-06 
4.654880e-06 
4.651974e-06 
4.649071e-06 
4.646171e-06 
4.643273e-06 
4.640378e-06 
4.637485e-06 
4.634595e-06 
4.631707e-06 
4.628822e-06 
4.625940e-06 
4.623060e-06 
4.620183e-06 
4.617308e-06 
4.614436e-06 
4.611566e-06 
4.608699e-06 
4.605834e-06 
4.602972e-06 
4.600113e-06 
4.597256e-06 
4.594401e-06 
4.591550e-06 
4.588700e-06 
4.585853e-06 
4.583009e-06 
4.580167e-06 
4.577328e-06 
4.574492e-06 
4.571658e-06 
4.568826e-06 
4.565997e-06 
4.563171e-06 
4.560347e-06 
4.557526e-06 
4.554707e-06 
4.551891e-06 
4.549077e-06 
4.546266e-06 
4.543457e-06 
4.540651e-06 
4.537847e-06 
4.535046e-06 
4.532247e-06 
4.529451e-06 
4.526658e-06 
4.523866e-06 
4.521078e-06 
4.518291e-06 
4.515508e-06 
4.512726e-06 
4.509947e-06 
4.507171e-06 
4.504396e-06 
4.501625e-06 
4.498855e-06 
4.496088e-06 
4.493323e-06 
4.490561e-06 
4.487801e-06 
4.485043e-06 
4.482288e-06 
4.479535e-06 
4.476784e-06 
4.474035e-06 
4.471289e-06 
4.468546e-06 
4.465804e-06 
4.463066e-06 
4.460329e-06 
4.457595e-06 
4.454863e-06 
4.452134e-06 
4.449407e-06 
4.446683e-06 
4.443960e-06 
4.441240e-06 
4.438523e-06 
4.435808e-06 
4.433095e-06 
4.430385e-06 
4.427677e-06 
4.424971e-06 
4.422267e-06 
4.419566e-06 
4.416868e-06 
4.414171e-06 
4.411477e-06 
4.408786e-06 
4.406096e-06 
4.403409e-06 
4.400725e-06 
4.398042e-06 
4.395362e-06 
4.392685e-06 
4.390009e-06 
4.387336e-06 
4.384665e-06 
4.381997e-06 
4.379331e-06 
4.376667e-06 
4.374006e-06 
4.371347e-06 
4.368690e-06 
4.366035e-06 
4.363383e-06 
4.360733e-06 
4.358085e-06 
4.355440e-06 
4.352797e-06 
4.350156e-06 
4.347518e-06 
4.344881e-06 
4.342247e-06 
4.339616e-06 
4.336987e-06 
4.334359e-06 
4.331735e-06 
4.329112e-06 
4.326492e-06 
4.323874e-06 
4.321258e-06 
4.318645e-06 
4.316034e-06 
4.313425e-06 
4.310818e-06 
4.308214e-06 
4.305612e-06 
4.303012e-06 
4.300414e-06 
4.297819e-06 
4.295226e-06 
4.292635e-06 
4.290046e-06 
4.287460e-06 
4.284875e-06 
4.282293e-06 
4.279714e-06 
4.277136e-06 
4.274561e-06 
4.271988e-06 
4.269417e-06 
4.266848e-06 
4.264282e-06 
4.261718e-06 
4.259156e-06 
4.256596e-06 
4.254038e-06 
4.251483e-06 
4.248930e-06 
4.246379e-06 
4.243830e-06 
4.241283e-06 
4.238739e-06 
4.236197e-06 
4.233657e-06 
4.231119e-06 
4.228583e-06 
4.226050e-06 
4.223519e-06 
4.220990e-06 
4.218463e-06 
4.215938e-06 
4.213416e-06 
4.210895e-06 
4.208377e-06 
4.205861e-06 
4.203347e-06 
4.200835e-06 
4.198326e-06 
4.195818e-06 
4.193313e-06 
4.190810e-06 
4.188308e-06 
4.185809e-06 
4.183313e-06 
4.180818e-06 
4.178325e-06 
4.175835e-06 
4.173346e-06 
4.170860e-06 
4.168376e-06 
4.165894e-06 
4.163414e-06 
4.160936e-06 
4.158460e-06 
4.155986e-06 
4.153515e-06 
4.151045e-06 
4.148578e-06 
4.146113e-06 
4.143650e-06 
4.141189e-06 
4.138730e-06 
4.136273e-06 
4.133818e-06 
4.131366e-06 
4.128915e-06 
4.126467e-06 
4.124021e-06 
4.121577e-06 
4.119134e-06 
4.116695e-06 
4.114257e-06 
4.111821e-06 
4.109387e-06 
4.106956e-06 
4.104526e-06 
4.102099e-06 
4.099674e-06 
4.097251e-06 
4.094830e-06 
4.092411e-06 
4.089994e-06 
4.087579e-06 
4.085166e-06 
4.082756e-06 
4.080347e-06 
4.077941e-06 
4.075537e-06 
4.073134e-06 
4.070734e-06 
4.068336e-06 
4.065940e-06 
4.063546e-06 
4.061154e-06 
4.058765e-06 
4.056377e-06 
4.053991e-06 
4.051608e-06 
4.049226e-06 
4.046846e-06 
4.044469e-06 
4.042094e-06 
4.039720e-06 
4.037349e-06 
4.034979e-06 
4.032612e-06 
4.030247e-06 
4.027884e-06 
4.025522e-06 
4.023163e-06 
4.020806e-06 
4.018451e-06 
4.016098e-06 
4.013747e-06 
4.011397e-06 
4.009050e-06 
4.006705e-06 
4.004362e-06 
4.002021e-06 
3.999681e-06 
3.997344e-06 
3.995009e-06 
3.992676e-06 
3.990345e-06 
3.988015e-06 
3.985688e-06 
3.983363e-06 
3.981039e-06 
3.978718e-06 
3.976399e-06 
3.974081e-06 
3.971766e-06 
3.969452e-06 
3.967141e-06 
3.964831e-06 
3.962524e-06 
3.960218e-06 
3.957914e-06 
3.955613e-06 
3.953313e-06 
3.951015e-06 
3.948719e-06 
3.946426e-06 
3.944134e-06 
3.941844e-06 
3.939556e-06 
3.937270e-06 
3.934986e-06 
3.932704e-06 
3.930424e-06 
3.928146e-06 
3.925870e-06 
3.923596e-06 
3.921323e-06 
3.919053e-06 
3.916785e-06 
3.914518e-06 
3.912254e-06 
3.909991e-06 
3.907731e-06 
3.905472e-06 
3.903215e-06 
3.900961e-06 
3.898708e-06 
3.896457e-06 
3.894208e-06 
3.891961e-06 
3.889715e-06 
3.887472e-06 
3.885231e-06 
3.882991e-06 
3.880753e-06 
3.878517e-06 
3.876283e-06 
3.874051e-06 
3.871821e-06 
3.869592e-06 
3.867365e-06 
3.865140e-06 
3.862917e-06 
3.860696e-06 
3.858477e-06 
3.856259e-06 
3.854043e-06 
3.851829e-06 
3.849617e-06 
3.847407e-06 
3.845199e-06 
3.842992e-06 
3.840787e-06 
3.838585e-06 
3.836383e-06 
3.834184e-06 
3.831987e-06 
3.829791e-06 
3.827598e-06 
3.825406e-06 
3.823216e-06 
3.821027e-06 
3.818841e-06 
3.816656e-06 
3.814474e-06 
3.812293e-06 
3.810114e-06 
3.807937e-06 
3.805761e-06 
3.803587e-06 
3.801416e-06 
3.799246e-06 
3.797077e-06 
3.794911e-06 
3.792747e-06 
3.790584e-06 
3.788423e-06 
3.786264e-06 
3.784106e-06 
3.781951e-06 
3.779797e-06 
3.777645e-06 
3.775495e-06 
3.773347e-06 
3.771200e-06 
3.769055e-06 
3.766912e-06 
3.764771e-06 
3.762632e-06 
3.760494e-06 
3.758358e-06 
3.756224e-06 
3.754092e-06 
3.751961e-06 
3.749832e-06 
3.747705e-06 
3.745580e-06 
3.743456e-06 
3.741335e-06 
3.739215e-06 
3.737096e-06 
3.734980e-06 
3.732865e-06 
3.730752e-06 
3.728641e-06 
3.726531e-06 
3.724424e-06 
3.722318e-06 
3.720214e-06 
3.718111e-06 
3.716011e-06 
3.713912e-06 
3.711815e-06 
3.709720e-06 
3.707627e-06 
3.705535e-06 
3.703445e-06 
3.701357e-06 
3.699271e-06 
3.697186e-06 
3.695104e-06 
3.693023e-06 
3.690944e-06 
3.688866e-06 
3.686791e-06 
3.684717e-06 
3.682645e-06 
3.680574e-06 
3.678506e-06 
3.676439e-06 
3.674373e-06 
3.672310e-06 
3.670248e-06 
3.668187e-06 
3.666129e-06 
3.664072e-06 
3.662016e-06 
3.659962e-06 
3.657910e-06 
3.655860e-06 
3.653811e-06 
3.651763e-06 
3.649717e-06 
3.647673e-06 
3.645631e-06 
3.643590e-06 
3.641550e-06 
3.639512e-06 
3.637476e-06 
3.635442e-06 
3.633409e-06 
3.631378e-06 
3.629348e-06 
3.627320e-06 
3.625294e-06 
3.623269e-06 
3.621246e-06 
3.619224e-06 
3.617204e-06 
3.615186e-06 
3.613170e-06 
3.611155e-06 
3.609142e-06 
3.607130e-06 
3.605120e-06 
3.603112e-06 
3.601105e-06 
3.599100e-06 
3.597096e-06 
3.595094e-06 
3.593094e-06 
3.591096e-06 
3.589099e-06 
3.587103e-06 
3.585110e-06 
3.583117e-06 
3.581127e-06 
3.579138e-06 
3.577151e-06 
3.575165e-06 
3.573181e-06 
3.571198e-06 
3.569217e-06 
3.567238e-06 
3.565260e-06 
3.563284e-06 
3.561309e-06 
3.559336e-06 
3.557365e-06 
3.555395e-06 
3.553427e-06 
3.551460e-06 
3.549495e-06 
3.547532e-06 
3.545570e-06 
3.543610e-06 
3.541651e-06 
3.539694e-06 
3.537738e-06 
3.535784e-06 
3.533832e-06 
3.531881e-06 
3.529932e-06 
3.527984e-06 
3.526038e-06 
3.524094e-06 
3.522151e-06 
3.520209e-06 
3.518269e-06 
3.516331e-06 
3.514394e-06 
3.512459e-06 
3.510526e-06 
3.508594e-06 
3.506663e-06 
3.504734e-06 
3.502807e-06 
3.500881e-06 
3.498957e-06 
3.497034e-06 
3.495113e-06 
3.493193e-06 
3.491275e-06 
3.489358e-06 
3.487443e-06 
3.485529e-06 
3.483617e-06 
3.481707e-06 
3.479798e-06 
3.477891e-06 
3.475985e-06 
3.474080e-06 
3.472178e-06 
3.470276e-06 
3.468377e-06 
3.466478e-06 
3.464582e-06 
3.462686e-06 
3.460793e-06 
3.458900e-06 
3.457010e-06 
3.455121e-06 
3.453233e-06 
3.451347e-06 
3.449462e-06 
3.447579e-06 
3.445697e-06 
3.443817e-06 
3.441939e-06 
3.440062e-06 
3.438186e-06 
3.436312e-06 
3.434440e-06 
3.432569e-06 
3.430699e-06 
3.428831e-06 
3.426964e-06 
3.425099e-06 
3.423236e-06 
3.421374e-06 
3.419513e-06 
3.417654e-06 
3.415797e-06 
3.413941e-06 
3.412086e-06 
3.410233e-06 
3.408381e-06 
3.406531e-06 
3.404682e-06 
3.402835e-06 
3.400990e-06 
3.399145e-06 
3.397302e-06 
3.395461e-06 
3.393621e-06 
3.391783e-06 
3.389946e-06 
3.388110e-06 
3.386276e-06 
3.384444e-06 
3.382613e-06 
3.380783e-06 
3.378955e-06 
3.377128e-06 
3.375303e-06 
3.373479e-06 
3.371656e-06 
3.369835e-06 
3.368015e-06 
3.366197e-06 
3.364380e-06 
3.362565e-06 
3.360751e-06 
3.358939e-06 
3.357128e-06 
3.355318e-06 
3.353510e-06 
3.351703e-06 
3.349898e-06 
3.348094e-06 
3.346291e-06 
3.344490e-06 
3.342690e-06 
3.340892e-06 
3.339095e-06 
3.337300e-06 
3.335506e-06 
3.333713e-06 
3.331922e-06 
3.330132e-06 
3.328344e-06 
3.326556e-06 
3.324771e-06 
3.322987e-06 
3.321204e-06 
3.319422e-06 
3.317642e-06 
3.315863e-06 
3.314086e-06 
3.312310e-06 
3.310536e-06 
3.308763e-06 
3.306991e-06 
3.305221e-06 
3.303452e-06 
3.301684e-06 
3.299918e-06 
3.298153e-06 
3.296390e-06 
3.294628e-06 
3.292867e-06 
3.291108e-06 
3.289350e-06 
3.287593e-06 
3.285838e-06 
3.284084e-06 
3.282332e-06 
3.280581e-06 
3.278831e-06 
3.277083e-06 
3.275336e-06 
3.273590e-06 
3.271846e-06 
3.270103e-06 
3.268362e-06 
3.266622e-06 
3.264883e-06 
3.263146e-06 
3.261410e-06 
3.259675e-06 
3.257942e-06 
3.256210e-06 
3.254479e-06 
3.252750e-06 
3.251022e-06 
3.249295e-06 
3.247570e-06 
3.245846e-06 
3.244123e-06 
3.242402e-06 
3.240682e-06 
3.238964e-06 
3.237246e-06 
3.235531e-06 
3.233816e-06 
3.232103e-06 
3.230391e-06 
3.228680e-06 
3.226971e-06 
3.225263e-06 
3.223557e-06 
3.221851e-06 
3.220147e-06 
3.218445e-06 
3.216743e-06 
3.215043e-06 
3.213345e-06 
3.211647e-06 
3.209951e-06 
3.208257e-06 
3.206563e-06 
3.204871e-06 
3.203181e-06 
3.201491e-06 
3.199803e-06 
3.198116e-06 
3.196431e-06 
3.194746e-06 
3.193063e-06 
3.191382e-06 
3.189701e-06 
3.188022e-06 
3.186345e-06 
3.184668e-06 
3.182993e-06 
3.181319e-06 
3.179647e-06 
3.177975e-06 
3.176305e-06 
3.174637e-06 
3.172969e-06 
3.171303e-06 
3.169638e-06 
3.167974e-06 
3.166312e-06 
3.164651e-06 
3.162991e-06 
3.161333e-06 
3.159675e-06 
3.158019e-06 
3.156365e-06 
3.154711e-06 
3.153059e-06 
3.151408e-06 
3.149759e-06 
3.148110e-06 
3.146463e-06 
3.144817e-06 
3.143173e-06 
3.141529e-06 
3.139887e-06 
3.138246e-06 
3.136607e-06 
3.134969e-06 
3.133331e-06 
3.131696e-06 
3.130061e-06 
3.128428e-06 
3.126796e-06 
3.125165e-06 
3.123536e-06 
3.121907e-06 
3.120281e-06 
3.118655e-06 
3.117030e-06 
3.115407e-06 
3.113785e-06 
3.112164e-06 
3.110545e-06 
3.108927e-06 
3.107310e-06 
3.105694e-06 
3.104079e-06 
3.102466e-06 
3.100854e-06 
3.099243e-06 
3.097634e-06 
3.096026e-06 
3.094418e-06 
3.092813e-06 
3.091208e-06 
3.089605e-06 
3.088002e-06 
3.086402e-06 
3.084802e-06 
3.083203e-06 
3.081606e-06 
3.080010e-06 
3.078415e-06 
3.076822e-06 
3.075229e-06 
3.073638e-06 
3.072048e-06 
3.070460e-06 
3.068872e-06 
3.067286e-06 
3.065701e-06 
3.064117e-06 
3.062534e-06 
3.060953e-06 
3.059372e-06 
3.057793e-06 
3.056216e-06 
3.054639e-06 
3.053064e-06 
3.051489e-06 
3.049916e-06 
3.048344e-06 
3.046774e-06 
3.045204e-06 
3.043636e-06 
3.042069e-06 
3.040503e-06 
3.038939e-06 
3.037375e-06 
3.035813e-06 
3.034252e-06 
3.032692e-06 
3.031133e-06 
3.029576e-06 
3.028019e-06 
3.026464e-06 
3.024910e-06 
3.023357e-06 
3.021806e-06 
3.020255e-06 
3.018706e-06 
3.017158e-06 
3.015611e-06 
3.014065e-06 
3.012521e-06 
3.010977e-06 
3.009435e-06 
3.007894e-06 
3.006354e-06 
3.004815e-06 
3.003278e-06 
3.001741e-06 
3.000206e-06 
2.998672e-06 
2.997139e-06 
2.995607e-06 
2.994077e-06 
2.992547e-06 
2.991019e-06 
2.989492e-06 
2.987966e-06 
2.986441e-06 
2.984917e-06 
2.983394e-06 
2.981873e-06 
2.980353e-06 
2.978834e-06 
2.977316e-06 
2.975799e-06 
2.974283e-06 
2.972769e-06 
2.971255e-06 
2.969743e-06 
2.968232e-06 
2.966722e-06 
2.965213e-06 
2.963705e-06 
2.962198e-06 
2.960693e-06 
2.959189e-06 
2.957685e-06 
2.956183e-06 
2.954682e-06 
2.953183e-06 
2.951684e-06 
2.950186e-06 
2.948690e-06 
2.947194e-06 
2.945700e-06 
2.944207e-06 
2.942715e-06 
2.941224e-06 
2.939735e-06 
2.938246e-06 
2.936758e-06 
2.935272e-06 
2.933787e-06 
2.932302e-06 
2.930819e-06 
2.929337e-06 
2.927857e-06 
2.926377e-06 
2.924898e-06 
2.923421e-06 
2.921944e-06 
2.920469e-06 
2.918995e-06 
2.917521e-06 
2.916049e-06 
2.914578e-06 
2.913109e-06 
2.911640e-06 
2.910172e-06 
2.908706e-06 
2.907240e-06 
2.905776e-06 
2.904313e-06 
2.902850e-06 
2.901389e-06 
2.899929e-06 
2.898470e-06 
2.897012e-06 
2.895556e-06 
2.894100e-06 
2.892645e-06 
2.891192e-06 
2.889740e-06 
2.888288e-06 
2.886838e-06 
2.885389e-06 
2.883941e-06 
2.882494e-06 
2.881048e-06 
2.879603e-06 
2.878159e-06 
2.876716e-06 
2.875274e-06 
2.873834e-06 
2.872394e-06 
2.870956e-06 
2.869518e-06 
2.868082e-06 
2.866647e-06 
2.865213e-06 
2.863779e-06 
2.862347e-06 
2.860916e-06 
2.859486e-06 
2.858057e-06 
2.856629e-06 
2.855203e-06 
2.853777e-06 
2.852352e-06 
2.850929e-06 
2.849506e-06 
2.848084e-06 
2.846664e-06 
2.845244e-06 
2.843826e-06 
2.842409e-06 
2.840992e-06 
2.839577e-06 
2.838163e-06 
2.836750e-06 
2.835338e-06 
2.833927e-06 
2.832516e-06 
2.831107e-06 
2.829699e-06 
2.828292e-06 
2.826887e-06 
2.825482e-06 
2.824078e-06 
3.225665e-05 
3.202541e-05 
3.179629e-05 
3.156926e-05 
3.134430e-05 
3.112138e-05 
3.090049e-05 
3.068161e-05 
3.046470e-05 
3.024975e-05 
3.003674e-05 
2.982564e-05 
2.961644e-05 
2.940911e-05 
2.920363e-05 
2.899999e-05 
2.879816e-05 
2.859812e-05 
2.839986e-05 
2.820336e-05 
2.800859e-05 
2.781554e-05 
2.762419e-05 
2.743452e-05 
2.724651e-05 
2.706015e-05 
2.687541e-05 
2.669229e-05 
2.651076e-05 
2.633080e-05 
2.615241e-05 
2.597556e-05 
2.580024e-05 
2.562643e-05 
2.545412e-05 
2.528328e-05 
2.511391e-05 
2.494599e-05 
2.477950e-05 
2.461443e-05 
2.445077e-05 
2.428850e-05 
2.412760e-05 
2.396806e-05 
2.380988e-05 
2.365302e-05 
2.349749e-05 
2.334326e-05 
2.319032e-05 
2.303867e-05 
2.288828e-05 
2.273915e-05 
2.259125e-05 
2.244459e-05 
2.229914e-05 
2.215490e-05 
2.201185e-05 
2.186998e-05 
2.172927e-05 
2.158973e-05 
2.145132e-05 
2.131406e-05 
2.117791e-05 
2.104288e-05 
2.090894e-05 
2.077610e-05 
2.064433e-05 
2.051363e-05 
2.038399e-05 
2.025539e-05 
2.012783e-05 
2.000130e-05 
1.987579e-05 
1.975128e-05 
1.962777e-05 
1.950524e-05 
1.938369e-05 
1.926311e-05 
1.914349e-05 
1.902482e-05 
1.890708e-05 
1.879028e-05 
1.867440e-05 
1.855944e-05 
1.844538e-05 
1.833221e-05 
1.821993e-05 
1.810853e-05 
1.799800e-05 
1.788834e-05 
1.777952e-05 
1.767156e-05 
1.756443e-05 
1.745813e-05 
1.735265e-05 
1.724799e-05 
1.714413e-05 
1.704108e-05 
1.693881e-05 
1.683733e-05 
1.673662e-05 
1.663514e-05 
1.653444e-05 
1.643451e-05 
1.633536e-05 
1.623696e-05 
1.613932e-05 
1.604243e-05 
1.594628e-05 
1.585087e-05 
1.575618e-05 
1.566221e-05 
1.556896e-05 
1.547642e-05 
1.538457e-05 
1.529342e-05 
1.520296e-05 
1.511318e-05 
1.502407e-05 
1.493564e-05 
1.484787e-05 
1.476075e-05 
1.467429e-05 
1.458847e-05 
1.450329e-05 
1.441875e-05 
1.433483e-05 
1.425154e-05 
1.416886e-05 
1.408679e-05 
1.400533e-05 
1.392447e-05 
1.384421e-05 
1.376453e-05 
1.368544e-05 
1.360693e-05 
1.352899e-05 
1.345162e-05 
1.337482e-05 
1.329857e-05 
1.322288e-05 
1.314774e-05 
1.307314e-05 
1.299908e-05 
1.292555e-05 
1.285256e-05 
1.278009e-05 
1.270814e-05 
1.263671e-05 
1.256579e-05 
1.249538e-05 
1.242547e-05 
1.235605e-05 
1.228714e-05 
1.221871e-05 
1.215077e-05 
1.208331e-05 
1.201633e-05 
1.194982e-05 
1.188378e-05 
1.181820e-05 
1.175309e-05 
1.168843e-05 
1.162423e-05 
1.156048e-05 
1.149717e-05 
1.143431e-05 
1.137188e-05 
1.130989e-05 
1.124832e-05 
1.118719e-05 
1.112648e-05 
1.106619e-05 
1.100631e-05 
1.094685e-05 
1.088780e-05 
1.082916e-05 
1.077091e-05 
1.071307e-05 
1.065562e-05 
1.059857e-05 
1.054190e-05 
1.048562e-05 
1.042973e-05 
1.037421e-05 
1.031907e-05 
1.026431e-05 
1.020992e-05 
1.015589e-05 
1.010223e-05 
1.004893e-05 
9.995983e-06 
9.943396e-06 
9.891163e-06 
9.839279e-06 
9.787742e-06 
9.736550e-06 
9.685699e-06 
9.635186e-06 
9.585010e-06 
9.535167e-06 
9.485654e-06 
9.436470e-06 
9.387610e-06 
9.339074e-06 
9.290857e-06 
9.242958e-06 
9.195373e-06 
9.148102e-06 
9.101140e-06 
9.054485e-06 
9.008136e-06 
8.962089e-06 
8.916343e-06 
8.870894e-06 
8.825741e-06 
8.780881e-06 
8.736312e-06 
8.692031e-06 
8.648037e-06 
8.604327e-06 
8.560898e-06 
8.517750e-06 
8.474878e-06 
8.432282e-06 
8.389959e-06 
8.347907e-06 
8.306124e-06 
8.264607e-06 
8.223356e-06 
8.182367e-06 
8.141639e-06 
8.101169e-06 
8.060956e-06 
8.020997e-06 
7.981292e-06 
7.941837e-06 
7.902631e-06 
7.863672e-06 
7.824958e-06 
7.786487e-06 
7.748257e-06 
7.710267e-06 
7.672515e-06 
7.634998e-06 
7.597715e-06 
7.560665e-06 
7.523845e-06 
7.487255e-06 
7.450891e-06 
7.414752e-06 
7.378837e-06 
7.343145e-06 
7.307672e-06 
7.272418e-06 
7.237381e-06 
7.202560e-06 
7.167952e-06 
7.133557e-06 
7.099372e-06 
7.065396e-06 
7.031628e-06 
6.998066e-06 
6.964708e-06 
6.931553e-06 
6.898599e-06 
6.865846e-06 
6.833290e-06 
6.800932e-06 
6.768770e-06 
6.736801e-06 
6.705026e-06 
6.673441e-06 
6.642047e-06 
6.610841e-06 
6.579822e-06 
6.548989e-06 
6.518340e-06 
6.487874e-06 
6.457590e-06 
6.427487e-06 
6.397563e-06 
6.367816e-06 
6.338246e-06 
6.308851e-06 
6.279631e-06 
6.250583e-06 
6.221706e-06 
6.193000e-06 
6.164463e-06 
6.136094e-06 
6.107892e-06 
6.079855e-06 
6.051982e-06 
6.024272e-06 
5.996725e-06 
5.969338e-06 
5.942111e-06 
5.915042e-06 
5.888131e-06 
5.861376e-06 
5.834440e-06 
5.807660e-06 
5.781037e-06 
5.754569e-06 
5.728255e-06 
5.702095e-06 
5.676087e-06 
5.650230e-06 
5.624523e-06 
5.598965e-06 
5.573555e-06 
5.548291e-06 
5.523174e-06 
5.498201e-06 
5.473372e-06 
5.448686e-06 
5.424142e-06 
5.399738e-06 
5.375475e-06 
5.351350e-06 
5.327363e-06 
5.303513e-06 
5.279799e-06 
5.256220e-06 
5.232775e-06 
5.209464e-06 
5.186285e-06 
5.163237e-06 
5.140319e-06 
5.117531e-06 
5.094872e-06 
5.072340e-06 
5.049936e-06 
5.027657e-06 
5.005504e-06 
4.983475e-06 
4.961570e-06 
4.939787e-06 
4.918126e-06 
4.896586e-06 
4.875166e-06 
4.853866e-06 
4.832684e-06 
4.811620e-06 
4.790673e-06 
4.769842e-06 
4.749126e-06 
4.728525e-06 
4.708038e-06 
4.687664e-06 
4.667402e-06 
4.647252e-06 
4.627213e-06 
4.607284e-06 
4.587464e-06 
4.567753e-06 
4.548149e-06 
4.528653e-06 
4.509264e-06 
4.489980e-06 
4.470801e-06 
4.451727e-06 
4.432756e-06 
4.413888e-06 
4.395123e-06 
4.376459e-06 
4.357896e-06 
4.339434e-06 
4.321071e-06 
4.302808e-06 
4.284642e-06 
4.266575e-06 
4.248604e-06 
4.230730e-06 
4.212952e-06 
4.195269e-06 
4.177680e-06 
4.160186e-06 
4.142784e-06 
4.125476e-06 
4.108260e-06 
4.091135e-06 
4.074101e-06 
4.057158e-06 
4.040304e-06 
4.023540e-06 
4.006865e-06 
3.990277e-06 
3.973777e-06 
3.957364e-06 
3.941037e-06 
3.924796e-06 
3.908641e-06 
3.892570e-06 
3.876583e-06 
3.860680e-06 
3.844861e-06 
3.829124e-06 
3.813469e-06 
3.797895e-06 
3.782403e-06 
3.766991e-06 
3.751659e-06 
3.736407e-06 
3.721234e-06 
3.706139e-06 
3.691123e-06 
3.676184e-06 
3.661322e-06 
3.646536e-06 
3.631827e-06 
3.617194e-06 
3.602635e-06 
3.588151e-06 
3.573742e-06 
3.559406e-06 
3.545144e-06 
3.530954e-06 
3.516837e-06 
3.502792e-06 
3.488818e-06 
3.474915e-06 
3.461083e-06 
3.447321e-06 
3.433629e-06 
3.420007e-06 
3.406453e-06 
3.392968e-06 
3.379550e-06 
3.366201e-06 
3.352918e-06 
3.339703e-06 
3.326554e-06 
3.313471e-06 
3.300453e-06 
3.287501e-06 
3.274613e-06 
3.261790e-06 
3.249031e-06 
3.236336e-06 
3.223703e-06 
3.211134e-06 
3.198627e-06 
3.186183e-06 
3.173800e-06 
3.161478e-06 
3.149218e-06 
3.137018e-06 
3.124878e-06 
3.112798e-06 
3.100778e-06 
3.088817e-06 
3.076915e-06 
3.065071e-06 
3.053286e-06 
3.041558e-06 
3.029888e-06 
3.018274e-06 
3.006718e-06 
2.995218e-06 
2.983774e-06 
2.972386e-06 
2.961053e-06 
2.949776e-06 
2.938553e-06 
2.927384e-06 
2.916270e-06 
2.905210e-06 
2.894203e-06 
2.883249e-06 
2.872348e-06 
2.861500e-06 
2.850704e-06 
2.839960e-06 
2.829268e-06 
2.818627e-06 
2.808037e-06 
2.797497e-06 
2.787008e-06 
2.776570e-06 
2.766181e-06 
2.755842e-06 
2.745552e-06 
2.735311e-06 
2.725119e-06 
2.714975e-06 
2.704880e-06 
2.694832e-06 
2.684832e-06 
2.674879e-06 
2.664974e-06 
2.655115e-06 
2.645303e-06 
2.635537e-06 
2.625817e-06 
2.616142e-06 
2.606513e-06 
2.596930e-06 
2.587391e-06 
2.577897e-06 
2.568330e-06 
2.558809e-06 
2.549332e-06 
2.539900e-06 
2.530513e-06 
2.521169e-06 
2.511870e-06 
2.502614e-06 
2.493401e-06 
2.484232e-06 
2.475106e-06 
2.466022e-06 
2.456981e-06 
2.447981e-06 
2.439024e-06 
2.430109e-06 
2.421235e-06 
2.412402e-06 
2.403611e-06 
2.394860e-06 
2.386149e-06 
2.377479e-06 
2.368849e-06 
2.360259e-06 
2.351709e-06 
2.343198e-06 
2.334726e-06 
2.326294e-06 
2.317900e-06 
2.309544e-06 
2.301227e-06 
2.292948e-06 
2.284707e-06 
2.276504e-06 
2.268338e-06 
2.260209e-06 
2.252118e-06 
2.244063e-06 
2.236045e-06 
2.228064e-06 
2.220119e-06 
2.212210e-06 
2.204336e-06 
2.196499e-06 
2.188697e-06 
2.180930e-06 
2.173198e-06 
2.165501e-06 
2.157839e-06 
2.150212e-06 
2.142618e-06 
2.135059e-06 
2.127534e-06 
2.120043e-06 
2.112585e-06 
2.105161e-06 
2.097769e-06 
2.090411e-06 
2.083086e-06 
2.075793e-06 
2.068533e-06 
2.061306e-06 
2.054110e-06 
2.046946e-06 
2.039815e-06 
2.032715e-06 
2.025646e-06 
2.018609e-06 
2.011602e-06 
2.004627e-06 
1.997683e-06 
1.990769e-06 
1.983885e-06 
1.977032e-06 
1.970209e-06 
1.963417e-06 
1.956653e-06 
1.949920e-06 
1.943216e-06 
1.936542e-06 
1.929896e-06 
1.923280e-06 
1.916693e-06 
1.910134e-06 
1.903604e-06 
1.897102e-06 
1.890629e-06 
1.884183e-06 
1.877766e-06 
1.871377e-06 
1.865015e-06 
1.858681e-06 
1.852374e-06 
1.846094e-06 
1.839842e-06 
1.833617e-06 
1.827418e-06 
1.821246e-06 
1.815101e-06 
1.808982e-06 
1.802889e-06 
1.796822e-06 
1.790782e-06 
1.784767e-06 
1.778778e-06 
1.772815e-06 
1.766877e-06 
1.760965e-06 
1.755077e-06 
1.749215e-06 
1.743378e-06 
1.737565e-06 
1.731777e-06 
1.726014e-06 
1.720275e-06 
1.714561e-06 
1.708870e-06 
1.703204e-06 
1.697562e-06 
1.691943e-06 
1.686348e-06 
1.680777e-06 
1.675229e-06 
1.669705e-06 
1.664204e-06 
1.658725e-06 
1.653270e-06 
1.647838e-06 
1.642428e-06 
1.637041e-06 
1.631677e-06 
1.626335e-06 
1.621015e-06 
1.615717e-06 
1.610442e-06 
1.605188e-06 
1.599957e-06 
1.594746e-06 
1.589558e-06 
1.584391e-06 
1.579246e-06 
1.574121e-06 
1.569018e-06 
1.563936e-06 
1.558875e-06 
1.553835e-06 
1.548816e-06 
1.543817e-06 
1.538839e-06 
1.533882e-06 
1.528944e-06 
1.524027e-06 
1.519130e-06 
1.514253e-06 
1.509397e-06 
1.504560e-06 
1.499742e-06 
1.494945e-06 
1.490166e-06 
1.485408e-06 
1.480669e-06 
1.475949e-06 
1.471248e-06 
1.466566e-06 
1.461903e-06 
1.457260e-06 
1.452634e-06 
1.448028e-06 
1.443440e-06 
1.438871e-06 
1.434320e-06 
1.429788e-06 
1.425274e-06 
1.420778e-06 
1.416300e-06 
1.411840e-06 
1.407398e-06 
1.402974e-06 
1.398567e-06 
1.394178e-06 
1.389807e-06 
1.385453e-06 
1.381117e-06 
1.376798e-06 
1.372496e-06 
1.368211e-06 
1.363943e-06 
1.359693e-06 
1.355459e-06 
1.351242e-06 
1.347041e-06 
1.342858e-06 
1.338690e-06 
1.334540e-06 
1.330405e-06 
1.326288e-06 
1.322186e-06 
1.318100e-06 
1.314031e-06 
1.309978e-06 
1.305940e-06 
1.301918e-06 
1.297913e-06 
1.293923e-06 
1.289948e-06 
1.285989e-06 
1.282046e-06 
1.278118e-06 
1.274205e-06 
1.270308e-06 
1.266426e-06 
1.262559e-06 
1.258707e-06 
1.254870e-06 
1.251048e-06 
1.247240e-06 
1.243448e-06 
1.239670e-06 
1.235907e-06 
1.232158e-06 
1.228424e-06 
1.224705e-06 
1.220999e-06 
1.217308e-06 
1.213631e-06 
1.209969e-06 
1.206320e-06 
1.202686e-06 
1.199065e-06 
1.195459e-06 
1.191866e-06 
1.188287e-06 
1.184722e-06 
1.181170e-06 
1.177632e-06 
1.174107e-06 
1.170596e-06 
1.167098e-06 
1.163614e-06 
1.160143e-06 
1.156685e-06 
1.153240e-06 
1.149808e-06 
1.146389e-06 
1.142984e-06 
1.139591e-06 
1.136211e-06 
1.132844e-06 
1.129489e-06 
1.126147e-06 
1.122818e-06 
1.119501e-06 
1.116197e-06 
1.112906e-06 
1.109626e-06 
1.106359e-06 
1.103104e-06 
1.099862e-06 
1.096632e-06 
1.093413e-06 
1.090207e-06 
1.087013e-06 
1.083830e-06 
1.080660e-06 
1.077501e-06 
1.074355e-06 
1.071219e-06 
1.068096e-06 
1.064984e-06 
1.061884e-06 
1.058795e-06 
1.055718e-06 
1.052652e-06 
1.049598e-06 
1.046554e-06 
1.043522e-06 
1.040502e-06 
1.037492e-06 
1.034493e-06 
1.031506e-06 
1.028530e-06 
1.025564e-06 
1.022610e-06 
1.019666e-06 
1.016733e-06 
1.013811e-06 
1.010899e-06 
1.007999e-06 
1.005108e-06 
1.002229e-06 
9.993597e-07 
9.965011e-07 
9.936530e-07 
9.908152e-07 
9.879878e-07 
9.851707e-07 
9.823638e-07 
9.795671e-07 
9.767805e-07 
9.740041e-07 
9.712378e-07 
9.684815e-07 
9.657351e-07 
9.629987e-07 
9.602722e-07 
9.575555e-07 
9.548487e-07 
9.521516e-07 
9.494642e-07 
9.467865e-07 
9.441184e-07 
9.414599e-07 
9.388110e-07 
9.361716e-07 
9.335416e-07 
9.309211e-07 
9.283100e-07 
9.257082e-07 
9.231157e-07 
9.205324e-07 
9.179584e-07 
9.153936e-07 
9.128379e-07 
9.102914e-07 
9.077539e-07 
9.052254e-07 
9.027059e-07 
9.001953e-07 
8.976937e-07 
8.952009e-07 
8.927170e-07 
8.902419e-07 
8.877755e-07 
8.853178e-07 
8.828688e-07 
8.804285e-07 
8.779968e-07 
8.755736e-07 
8.731590e-07 
8.707528e-07 
8.683552e-07 
8.659659e-07 
8.635851e-07 
8.612126e-07 
8.588484e-07 
8.564925e-07 
8.541448e-07 
8.518054e-07 
8.494741e-07 
8.471510e-07 
8.448360e-07 
8.425290e-07 
8.402301e-07 
8.379392e-07 
8.356563e-07 
8.333813e-07 
8.311142e-07 
8.288550e-07 
8.266036e-07 
8.243601e-07 
8.221243e-07 
8.198962e-07 
8.176758e-07 
8.154632e-07 
8.132581e-07 
8.110607e-07 
8.088708e-07 
8.066885e-07 
8.045137e-07 
8.023464e-07 
8.001866e-07 
7.980341e-07 
7.958891e-07 
7.937514e-07 
7.916211e-07 
7.894980e-07 
7.873822e-07 
7.852736e-07 
7.831723e-07 
7.810781e-07 
7.789911e-07 
7.769112e-07 
7.748384e-07 
7.727726e-07 
7.707139e-07 
7.686622e-07 
7.666174e-07 
7.645796e-07 
7.625487e-07 
7.605247e-07 
7.585075e-07 
7.564972e-07 
7.544937e-07 
7.524969e-07 
7.505069e-07 
7.485236e-07 
7.465470e-07 
7.445771e-07 
7.426138e-07 
7.406571e-07 
7.387070e-07 
7.367634e-07 
7.348264e-07 
7.328959e-07 
7.309718e-07 
7.290542e-07 
7.271431e-07 
7.252383e-07 
7.233399e-07 
7.214478e-07 
7.195620e-07 
7.176826e-07 
7.158094e-07 
7.139424e-07 
7.120817e-07 
7.102271e-07 
7.083788e-07 
7.065365e-07 
7.047004e-07 
7.028704e-07 
7.010464e-07 
6.992285e-07 
6.974166e-07 
6.956107e-07 
6.938108e-07 
6.920168e-07 
6.902287e-07 
6.884465e-07 
6.866702e-07 
6.848998e-07 
6.831352e-07 
6.813764e-07 
6.796234e-07 
6.778761e-07 
6.761346e-07 
6.743987e-07 
6.726686e-07 
6.709441e-07 
6.692253e-07 
6.675121e-07 
6.658045e-07 
6.641025e-07 
6.624061e-07 
6.607151e-07 
6.590297e-07 
6.573498e-07 
6.556753e-07 
6.540063e-07 
6.523427e-07 
6.506845e-07 
6.490317e-07 
6.473843e-07 
6.457422e-07 
6.441054e-07 
6.424739e-07 
6.408477e-07 
6.392267e-07 
6.376110e-07 
6.360005e-07 
6.343952e-07 
6.327951e-07 
6.312001e-07 
6.296103e-07 
6.280255e-07 
6.264459e-07 
6.248713e-07 
6.233018e-07 
6.217373e-07 
6.201779e-07 
6.186234e-07 
6.170739e-07 
6.155294e-07 
6.139898e-07 
6.124551e-07 
6.109253e-07 
6.094004e-07 
6.078804e-07 
6.063652e-07 
6.048548e-07 
6.033492e-07 
6.018484e-07 
6.003524e-07 
5.988611e-07 
5.973746e-07 
5.958928e-07 
5.944157e-07 
5.929432e-07 
5.914754e-07 
5.900123e-07 
5.885537e-07 
5.870998e-07 
5.856505e-07 
5.842057e-07 
5.827655e-07 
5.813298e-07 
5.798986e-07 
5.784719e-07 
5.770498e-07 
5.756320e-07 
5.742188e-07 
5.727954e-07 
5.713764e-07 
5.699619e-07 
5.685518e-07 
5.671462e-07 
5.657450e-07 
5.643483e-07 
5.629559e-07 
5.615679e-07 
5.601843e-07 
5.588050e-07 
5.574300e-07 
5.560594e-07 
5.546931e-07 
5.533310e-07 
5.519732e-07 
5.506197e-07 
5.492703e-07 
5.479252e-07 
5.465843e-07 
5.452476e-07 
5.439151e-07 
5.425867e-07 
5.412624e-07 
5.399423e-07 
5.386262e-07 
5.373143e-07 
5.360064e-07 
5.347026e-07 
5.334029e-07 
5.321071e-07 
5.308154e-07 
5.295277e-07 
5.282439e-07 
5.269641e-07 
5.256883e-07 
5.244164e-07 
5.231485e-07 
5.218844e-07 
5.206243e-07 
5.193680e-07 
5.181156e-07 
5.168670e-07 
5.156223e-07 
5.143814e-07 
5.131443e-07 
5.119111e-07 
5.106815e-07 
5.094558e-07 
5.082338e-07 
5.070155e-07 
5.058010e-07 
5.045902e-07 
5.033831e-07 
5.021796e-07 
5.009798e-07 
4.997837e-07 
4.985913e-07 
4.974024e-07 
4.962172e-07 
4.950356e-07 
4.938575e-07 
4.926831e-07 
4.915122e-07 
4.903448e-07 
4.891810e-07 
4.880207e-07 
4.868639e-07 
4.857106e-07 
4.845608e-07 
4.834145e-07 
4.822716e-07 
4.811322e-07 
4.799962e-07 
4.788637e-07 
4.777345e-07 
4.766088e-07 
4.754864e-07 
4.743674e-07 
4.732517e-07 
4.721394e-07 
4.710305e-07 
4.699248e-07 
4.688225e-07 
4.677235e-07 
4.666277e-07 
4.655353e-07 
4.644461e-07 
4.633601e-07 
4.622774e-07 
4.611979e-07 
4.601217e-07 
4.590486e-07 
4.579787e-07 
4.569120e-07 
4.558485e-07 
4.547881e-07 
4.537309e-07 
4.526769e-07 
4.516259e-07 
4.505781e-07 
4.495333e-07 
4.484917e-07 
4.474531e-07 
4.464176e-07 
4.453852e-07 
4.443558e-07 
4.433294e-07 
4.423061e-07 
4.412858e-07 
4.402685e-07 
4.392541e-07 
4.382428e-07 
4.372344e-07 
4.362290e-07 
4.352266e-07 
4.342271e-07 
4.332305e-07 
4.322368e-07 
4.312460e-07 
4.302582e-07 
4.292732e-07 
4.282911e-07 
4.273119e-07 
4.263355e-07 
4.253620e-07 
4.243913e-07 
4.234234e-07 
4.224584e-07 
4.214962e-07 
4.205367e-07 
4.195801e-07 
4.186262e-07 
4.176751e-07 
4.167268e-07 
4.157812e-07 
4.148383e-07 
4.138982e-07 
4.129608e-07 
4.120261e-07 
4.110941e-07 
4.101648e-07 
4.092382e-07 
4.083142e-07 
4.073929e-07 
4.064743e-07 
4.055583e-07 
4.046449e-07 
4.037342e-07 
4.028261e-07 
4.019206e-07 
4.010177e-07 
4.001174e-07 
3.992196e-07 
3.983245e-07 
3.974319e-07 
3.965418e-07 
3.956543e-07 
3.947693e-07 
3.938869e-07 
3.930070e-07 
3.921296e-07 
3.912547e-07 
3.903822e-07 
3.895123e-07 
3.886449e-07 
3.877799e-07 
3.869173e-07 
3.860572e-07 
3.851996e-07 
3.843444e-07 
3.834916e-07 
3.826412e-07 
3.817933e-07 
3.809477e-07 
3.801045e-07 
3.792638e-07 
3.784253e-07 
3.775893e-07 
3.767556e-07 
3.759243e-07 
3.750953e-07 
3.742686e-07 
3.734443e-07 
3.726223e-07 
3.718026e-07 
3.709852e-07 
3.701701e-07 
3.693573e-07 
3.685467e-07 
3.677385e-07 
3.669325e-07 
3.661287e-07 
3.653272e-07 
3.645280e-07 
3.637309e-07 
3.629361e-07 
3.621436e-07 
3.613532e-07 
3.605650e-07 
3.597791e-07 
3.589953e-07 
3.582137e-07 
3.574343e-07 
3.566570e-07 
3.558819e-07 
3.551090e-07 
3.543382e-07 
3.535695e-07 
3.528030e-07 
3.520385e-07 
3.512763e-07 
3.505161e-07 
3.497580e-07 
3.490020e-07 
3.482481e-07 
3.474963e-07 
3.467465e-07 
3.459988e-07 
3.452532e-07 
3.445096e-07 
3.437681e-07 
3.430286e-07 
3.422912e-07 
3.415558e-07 
3.408223e-07 
3.400910e-07 
3.393616e-07 
3.386342e-07 
3.379088e-07 
3.371854e-07 
3.364639e-07 
3.357445e-07 
3.350270e-07 
3.343114e-07 
3.335978e-07 
3.328862e-07 
3.321765e-07 
3.314687e-07 
3.307629e-07 
3.300590e-07 
3.293570e-07 
3.286569e-07 
3.279587e-07 
3.272624e-07 
3.265680e-07 
3.258755e-07 
3.251848e-07 
3.244961e-07 
3.238091e-07 
3.231241e-07 
3.224409e-07 
3.217595e-07 
3.210800e-07 
3.204023e-07 
3.197265e-07 
3.190525e-07 
3.183802e-07 
3.177098e-07 
3.170412e-07 
3.163744e-07 
3.157094e-07 
3.150462e-07 
3.143848e-07 
3.137251e-07 
3.130672e-07 
3.124111e-07 
3.117567e-07 
3.111041e-07 
3.104532e-07 
3.098041e-07 
3.091567e-07 
3.085110e-07 
3.078671e-07 
3.072248e-07 
3.065843e-07 
3.059455e-07 
3.053084e-07 
3.046730e-07 
3.040393e-07 
3.034072e-07 
3.027769e-07 
3.021482e-07 
3.015212e-07 
3.008959e-07 
3.002722e-07 
2.996501e-07 
2.990297e-07 
2.984110e-07 
2.977939e-07 
2.971784e-07 
2.965646e-07 
2.959523e-07 
2.953417e-07 
2.947327e-07 
2.941253e-07 
2.935195e-07 
2.929153e-07 
2.923127e-07 
2.917117e-07 
2.911123e-07 
2.905144e-07 
2.899181e-07 
2.893234e-07 
2.887302e-07 
2.881386e-07 
2.875485e-07 
2.869600e-07 
2.863730e-07 
2.857876e-07 
2.852036e-07 
2.846213e-07 
2.840404e-07 
2.834610e-07 
2.828832e-07 
2.823069e-07 
2.817320e-07 
2.811587e-07 
2.805869e-07 
2.800165e-07 
2.794476e-07 
2.788802e-07 
2.783143e-07 
2.777499e-07 
2.771869e-07 
2.766254e-07 
2.760653e-07 
2.755067e-07 
2.749495e-07 
2.743938e-07 
2.738395e-07 
2.732866e-07 
2.727352e-07 
2.721852e-07 
2.716366e-07 
2.710894e-07 
2.705436e-07 
2.699993e-07 
2.694563e-07 
2.689147e-07 
2.683746e-07 
2.678358e-07 
2.672984e-07 
2.667624e-07 
2.662277e-07 
2.656945e-07 
2.651626e-07 
2.646320e-07 
2.641028e-07 
2.635750e-07 
2.630485e-07 
2.625234e-07 
2.619996e-07 
2.614771e-07 
2.609560e-07 
2.604362e-07 
2.599178e-07 
2.594006e-07 
2.588848e-07 
2.583703e-07 
2.578570e-07 
2.573451e-07 
2.568345e-07 
2.563252e-07 
2.558172e-07 
2.553105e-07 
2.548050e-07 
2.543009e-07 
2.537980e-07 
2.532964e-07 
2.527960e-07 
2.522970e-07 
2.517992e-07 
2.513026e-07 
2.508073e-07 
2.503132e-07 
2.498204e-07 
2.493289e-07 
2.488385e-07 
2.483494e-07 
2.478616e-07 
2.473749e-07 
2.468895e-07 
2.464053e-07 
2.459223e-07 
2.454406e-07 
2.449600e-07 
2.444807e-07 
2.440025e-07 
2.435255e-07 
2.430498e-07 
2.425752e-07 
2.421018e-07 
2.416296e-07 
2.411586e-07 
2.406887e-07 
2.402201e-07 
2.397526e-07 
2.392862e-07 
2.388210e-07 
2.383570e-07 
2.378941e-07 
2.374324e-07 
2.369718e-07 
2.365124e-07 
2.360541e-07 
2.355970e-07 
2.351410e-07 
2.346861e-07 
2.342323e-07 
2.337797e-07 
2.333282e-07 
2.328778e-07 
2.324285e-07 
2.319803e-07 
2.315332e-07 
2.310873e-07 
2.306424e-07 
2.301986e-07 
2.297560e-07 
2.293144e-07 
2.288739e-07 
2.284345e-07 
2.279961e-07 
2.275589e-07 
2.271227e-07 
2.266876e-07 
2.262536e-07 
2.258206e-07 
2.253887e-07 
2.249578e-07 
2.245280e-07 
2.240992e-07 
2.236715e-07 
2.232449e-07 
2.228193e-07 
2.223947e-07 
2.219712e-07 
2.215487e-07 
2.211272e-07 
2.207067e-07 
2.202873e-07 
2.198689e-07 
2.194515e-07 
2.190352e-07 
2.186198e-07 
2.182054e-07 
2.177921e-07 
2.173798e-07 
2.169684e-07 
2.165581e-07 
2.161487e-07 
2.157404e-07 
2.153330e-07 
2.149266e-07 
2.145212e-07 
2.141168e-07 
2.137134e-07 
2.133109e-07 
2.129094e-07 
2.125089e-07 
2.121093e-07 
2.117107e-07 
2.113131e-07 
2.109164e-07 
2.105207e-07 
2.101259e-07 
2.097321e-07 
2.093392e-07 
2.089473e-07 
2.085563e-07 
2.081662e-07 
2.077771e-07 
2.073889e-07 
2.070016e-07 
2.066153e-07 
2.062299e-07 
2.058454e-07 
2.054618e-07 
2.050792e-07 
2.046974e-07 
2.043166e-07 
2.039367e-07 
2.035576e-07 
2.031795e-07 
2.028023e-07 
2.024260e-07 
2.020506e-07 
2.016761e-07 
2.013024e-07 
2.009297e-07 
2.005578e-07 
2.001868e-07 
1.998167e-07 
1.994475e-07 
1.990791e-07 
1.987117e-07 
1.983450e-07 
1.979793e-07 
1.976144e-07 
1.972479e-07 
1.968823e-07 
1.965175e-07 
1.961536e-07 
1.957905e-07 
1.954283e-07 
1.950670e-07 
1.947065e-07 
1.943469e-07 
1.939881e-07 
1.936302e-07 
1.932731e-07 
1.929169e-07 
1.925615e-07 
1.922069e-07 
1.918532e-07 
1.915003e-07 
1.911483e-07 
1.907970e-07 
1.904466e-07 
1.900971e-07 
1.897483e-07 
1.894004e-07 
1.890533e-07 
1.887070e-07 
1.883615e-07 
1.880168e-07 
1.876729e-07 
1.873298e-07 
1.869876e-07 
1.866461e-07 
1.863055e-07 
1.859656e-07 
1.856265e-07 
1.852883e-07 
1.849508e-07 
1.846141e-07 
1.842781e-07 
1.839430e-07 
1.836087e-07 
1.832751e-07 
1.829423e-07 
1.826103e-07 
1.822790e-07 
1.819485e-07 
1.816188e-07 
1.812899e-07 
1.809617e-07 
1.806343e-07 
1.803076e-07 
1.799817e-07 
1.796565e-07 
1.793322e-07 
1.790085e-07 
1.786856e-07 
1.783635e-07 
1.780420e-07 
1.777214e-07 
1.774014e-07 
1.770823e-07 
1.767638e-07 
1.764461e-07 
1.761291e-07 
1.758128e-07 
1.754973e-07 
1.751825e-07 
1.748684e-07 
1.745551e-07 
1.742424e-07 
1.739305e-07 
1.736193e-07 
1.733088e-07 
1.729991e-07 
1.726900e-07 
1.723816e-07 
1.720740e-07 
1.717670e-07 
1.714608e-07 
1.711552e-07 
1.708504e-07 
1.705462e-07 
1.702428e-07 
1.699400e-07 
1.696379e-07 
1.693365e-07 
1.690358e-07 
1.687358e-07 
1.684365e-07 
1.681378e-07 
1.678398e-07 
1.675425e-07 
1.672459e-07 
1.669500e-07 
1.666547e-07 
1.663601e-07 
1.660661e-07 
1.657728e-07 
1.654802e-07 
1.651883e-07 
1.648970e-07 
1.646064e-07 
1.643164e-07 
1.640271e-07 
1.637384e-07 
1.634504e-07 
1.631630e-07 
1.628763e-07 
1.625902e-07 
1.623048e-07 
1.620200e-07 
1.617359e-07 
1.614524e-07 
1.611695e-07 
1.608873e-07 
1.606057e-07 
1.603247e-07 
1.600444e-07 
1.597647e-07 
1.594856e-07 
1.592072e-07 
1.589293e-07 
1.586521e-07 
1.583755e-07 
1.580996e-07 
1.578242e-07 
1.575495e-07 
1.572754e-07 
1.570019e-07 
1.567290e-07 
1.564567e-07 
1.561850e-07 
1.559139e-07 
1.556434e-07 
1.553735e-07 
1.551043e-07 
1.548356e-07 
1.545675e-07 
1.543000e-07 
1.540331e-07 
1.537668e-07 
1.535011e-07 
1.532360e-07 
1.529715e-07 
1.527076e-07 
1.524442e-07 
1.521814e-07 
1.519192e-07 
1.516576e-07 
1.513966e-07 
1.511361e-07 
1.508762e-07 
1.506169e-07 
1.503582e-07 
1.501000e-07 
1.498424e-07 
1.495854e-07 
1.493289e-07 
1.490730e-07 
1.488177e-07 
1.485629e-07 
1.483087e-07 
1.480550e-07 
1.478019e-07 
1.475493e-07 
1.472973e-07 
1.470459e-07 
1.467950e-07 
1.465447e-07 
1.462949e-07 
1.460456e-07 
1.457969e-07 
1.455488e-07 
1.453011e-07 
1.450541e-07 
1.448075e-07 
1.445615e-07 
1.443161e-07 
1.440711e-07 
1.438267e-07 
1.435829e-07 
1.433395e-07 
1.430967e-07 
1.428545e-07 
1.426127e-07 
1.423715e-07 
1.421308e-07 
1.418906e-07 
1.416510e-07 
1.414118e-07 
1.411732e-07 
1.409351e-07 
1.406975e-07 
1.404605e-07 
1.402239e-07 
1.399879e-07 
1.397523e-07 
1.395173e-07 
1.392828e-07 
1.390488e-07 
1.388153e-07 
1.385823e-07 
1.383498e-07 
1.381178e-07 
1.378863e-07 
1.376553e-07 
1.374247e-07 
1.371947e-07 
1.369652e-07 
1.367362e-07 
1.365077e-07 
1.362796e-07 
1.360521e-07 
1.358250e-07 
1.355984e-07 
1.353723e-07 
1.351467e-07 
1.349216e-07 
1.346970e-07 
1.344728e-07 
1.342491e-07 
1.340259e-07 
1.338032e-07 
1.335809e-07 
1.333592e-07 
1.331379e-07 
1.329170e-07 
1.326967e-07 
1.324768e-07 
1.322573e-07 
1.320384e-07 
1.318199e-07 
1.316019e-07 
1.313843e-07 
1.311672e-07 
1.309506e-07 
1.307344e-07 
1.305186e-07 
1.303034e-07 
1.300886e-07 
1.298742e-07 
1.296603e-07 
1.294469e-07 
1.292339e-07 
1.290213e-07 
1.288092e-07 
1.285976e-07 
1.283864e-07 
1.281756e-07 
1.279653e-07 
1.277554e-07 
1.275460e-07 
1.273370e-07 
1.271285e-07 
1.269204e-07 
1.267127e-07 
1.265055e-07 
1.262987e-07 
1.260923e-07 
1.258864e-07 
1.256809e-07 
1.254758e-07 
1.252712e-07 
1.250670e-07 
1.248632e-07 
1.246598e-07 
1.244569e-07 
1.242544e-07 
1.240523e-07 
1.238507e-07 
1.236494e-07 
1.234486e-07 
1.232482e-07 
1.230483e-07 
1.228487e-07 
1.226496e-07 
1.224508e-07 
1.222525e-07 
1.220546e-07 
1.218571e-07 
1.216600e-07 
1.214634e-07 
1.212671e-07 
1.210713e-07 
1.208758e-07 
1.206808e-07 
1.204861e-07 
1.202919e-07 
1.200981e-07 
1.199047e-07 
1.197116e-07 
1.195190e-07 
1.193268e-07 
1.191349e-07 
1.189435e-07 
1.187525e-07 
1.185618e-07 
1.183716e-07 
1.181817e-07 
1.179922e-07 
1.178032e-07 
1.176145e-07 
1.174262e-07 
1.172383e-07 
1.170507e-07 
1.168636e-07 
1.166769e-07 
1.164905e-07 
1.163045e-07 
1.161189e-07 
1.159337e-07 
1.157488e-07 
1.155644e-07 
1.153803e-07 
1.151966e-07 
1.150132e-07 
1.148303e-07 
1.146477e-07 
1.144655e-07 
1.142836e-07 
1.141022e-07 
1.139211e-07 
1.137404e-07 
6.753710e-07 
6.743449e-07 
6.733209e-07 
6.722989e-07 
6.712788e-07 
6.702608e-07 
6.692447e-07 
6.682306e-07 
6.672185e-07 
6.662083e-07 
6.652001e-07 
6.641939e-07 
6.631896e-07 
6.621873e-07 
6.611869e-07 
6.601885e-07 
6.591920e-07 
6.581974e-07 
6.572047e-07 
6.562140e-07 
6.552252e-07 
6.542383e-07 
6.532533e-07 
6.522702e-07 
6.512890e-07 
6.503097e-07 
6.493323e-07 
6.483567e-07 
6.473831e-07 
6.464113e-07 
6.454414e-07 
6.444733e-07 
6.435072e-07 
6.425428e-07 
6.415804e-07 
6.406197e-07 
6.396609e-07 
6.387040e-07 
6.377489e-07 
6.367956e-07 
6.358441e-07 
6.348945e-07 
6.339467e-07 
6.330007e-07 
6.320565e-07 
6.311141e-07 
6.301735e-07 
6.292347e-07 
6.282977e-07 
6.273625e-07 
6.264290e-07 
6.254973e-07 
6.245675e-07 
6.236393e-07 
6.227130e-07 
6.217884e-07 
6.208655e-07 
6.199445e-07 
6.190251e-07 
6.181075e-07 
6.171917e-07 
6.162775e-07 
6.153652e-07 
6.144545e-07 
6.135456e-07 
6.126384e-07 
6.117329e-07 
6.108291e-07 
6.099270e-07 
6.090266e-07 
6.081279e-07 
6.072309e-07 
6.063356e-07 
6.054420e-07 
6.045501e-07 
6.036599e-07 
6.027713e-07 
6.018844e-07 
6.009992e-07 
6.001156e-07 
5.992337e-07 
5.983534e-07 
5.974748e-07 
5.965979e-07 
5.957226e-07 
5.948489e-07 
5.939769e-07 
5.931065e-07 
5.922377e-07 
5.913705e-07 
5.905050e-07 
5.896411e-07 
5.887788e-07 
5.879181e-07 
5.870590e-07 
5.862016e-07 
5.853457e-07 
5.844914e-07 
5.836387e-07 
5.827876e-07 
5.819381e-07 
5.810901e-07 
5.802437e-07 
5.793989e-07 
5.785557e-07 
5.777140e-07 
5.768739e-07 
5.760354e-07 
5.751984e-07 
5.743630e-07 
5.735291e-07 
5.726967e-07 
5.718659e-07 
5.710366e-07 
5.702089e-07 
5.693827e-07 
5.685580e-07 
5.677348e-07 
5.669132e-07 
5.660930e-07 
5.652744e-07 
5.644573e-07 
5.636417e-07 
5.628276e-07 
5.620149e-07 
5.612038e-07 
5.603942e-07 
5.595861e-07 
5.587794e-07 
5.579742e-07 
5.571705e-07 
5.563683e-07 
5.555675e-07 
5.547683e-07 
5.539704e-07 
5.531741e-07 
5.523792e-07 
5.515857e-07 
5.507937e-07 
5.500031e-07 
5.492140e-07 
5.484263e-07 
5.476401e-07 
5.468553e-07 
5.460719e-07 
5.452900e-07 
5.445095e-07 
5.437304e-07 
5.429527e-07 
5.421764e-07 
5.414015e-07 
5.406281e-07 
5.398560e-07 
5.390854e-07 
5.383161e-07 
5.375483e-07 
5.367818e-07 
5.360167e-07 
5.352531e-07 
5.344907e-07 
5.337298e-07 
5.329703e-07 
5.322121e-07 
5.314553e-07 
5.306998e-07 
5.299458e-07 
5.291930e-07 
5.284417e-07 
5.276917e-07 
5.269430e-07 
5.261957e-07 
5.254497e-07 
5.247051e-07 
5.239618e-07 
5.232199e-07 
5.224793e-07 
5.217400e-07 
5.210021e-07 
5.202654e-07 
5.195301e-07 
5.187961e-07 
5.180635e-07 
5.173321e-07 
5.166020e-07 
5.158733e-07 
5.151459e-07 
5.144197e-07 
5.136949e-07 
5.129713e-07 
5.122491e-07 
5.115281e-07 
5.108084e-07 
5.100900e-07 
5.093729e-07 
5.086571e-07 
5.079425e-07 
5.072292e-07 
5.065172e-07 
5.058064e-07 
5.050969e-07 
5.043887e-07 
5.036817e-07 
5.029760e-07 
5.022715e-07 
5.015683e-07 
5.008663e-07 
5.001656e-07 
4.994661e-07 
4.987679e-07 
4.980708e-07 
4.973751e-07 
4.966805e-07 
4.959872e-07 
4.952951e-07 
4.946042e-07 
4.939146e-07 
4.932261e-07 
4.925389e-07 
4.918529e-07 
4.911681e-07 
4.904845e-07 
4.898021e-07 
4.891209e-07 
4.884409e-07 
4.877621e-07 
4.870845e-07 
4.864081e-07 
4.857328e-07 
4.850588e-07 
4.843859e-07 
4.837143e-07 
4.830438e-07 
4.823744e-07 
4.817063e-07 
4.810393e-07 
4.803735e-07 
4.797088e-07 
4.790453e-07 
4.783830e-07 
4.777218e-07 
4.770618e-07 
4.764029e-07 
4.757452e-07 
4.750886e-07 
4.744332e-07 
4.737789e-07 
4.731257e-07 
4.724737e-07 
4.718228e-07 
4.711731e-07 
4.705245e-07 
4.698770e-07 
4.692306e-07 
4.685854e-07 
4.679412e-07 
4.672982e-07 
4.666563e-07 
4.660156e-07 
4.653759e-07 
4.647373e-07 
4.640999e-07 
4.634635e-07 
4.628283e-07 
4.621941e-07 
4.615611e-07 
4.609291e-07 
4.602982e-07 
4.596684e-07 
4.590397e-07 
4.584121e-07 
4.577856e-07 
4.571601e-07 
4.565358e-07 
4.559125e-07 
4.552902e-07 
4.546691e-07 
4.540490e-07 
4.534300e-07 
4.528120e-07 
4.521951e-07 
4.515792e-07 
4.509645e-07 
4.503507e-07 
4.497380e-07 
4.491264e-07 
4.485158e-07 
4.479063e-07 
4.472978e-07 
4.466904e-07 
4.460839e-07 
4.454786e-07 
4.448742e-07 
4.442709e-07 
4.436686e-07 
4.430674e-07 
4.424671e-07 
4.418679e-07 
4.412697e-07 
4.406726e-07 
4.400764e-07 
4.394813e-07 
4.388872e-07 
4.382941e-07 
4.377020e-07 
4.371109e-07 
4.365208e-07 
4.359317e-07 
4.353436e-07 
4.347565e-07 
4.341704e-07 
4.335853e-07 
4.330012e-07 
4.324180e-07 
4.318359e-07 
4.312547e-07 
4.306746e-07 
4.300954e-07 
4.295172e-07 
4.289399e-07 
4.283637e-07 
4.277884e-07 
4.272141e-07 
4.266407e-07 
4.260683e-07 
4.254969e-07 
4.249265e-07 
4.243570e-07 
4.237884e-07 
4.232209e-07 
4.226542e-07 
4.220886e-07 
4.215238e-07 
4.209601e-07 
4.203972e-07 
4.198353e-07 
4.192744e-07 
4.187144e-07 
4.181553e-07 
4.175972e-07 
4.170400e-07 
4.164838e-07 
4.159284e-07 
4.153740e-07 
4.148206e-07 
4.142680e-07 
4.137164e-07 
4.131657e-07 
4.126159e-07 
4.120671e-07 
4.115191e-07 
4.109721e-07 
4.104259e-07 
4.098807e-07 
4.093364e-07 
4.087930e-07 
4.082505e-07 
4.077089e-07 
4.071682e-07 
4.066284e-07 
4.060895e-07 
4.055515e-07 
4.050144e-07 
4.044782e-07 
4.039429e-07 
4.034084e-07 
4.028749e-07 
4.023422e-07 
4.018104e-07 
4.012795e-07 
4.007495e-07 
4.002203e-07 
3.996920e-07 
3.991646e-07 
3.986381e-07 
3.981124e-07 
3.975876e-07 
3.970637e-07 
3.965406e-07 
3.960184e-07 
3.954971e-07 
3.949766e-07 
3.944569e-07 
3.939382e-07 
3.934202e-07 
3.929032e-07 
3.923869e-07 
3.918716e-07 
3.913570e-07 
3.908434e-07 
3.903305e-07 
3.898185e-07 
3.893074e-07 
3.887970e-07 
3.882876e-07 
3.877789e-07 
3.872711e-07 
3.867641e-07 
3.862580e-07 
3.857526e-07 
3.852481e-07 
3.847444e-07 
3.842416e-07 
3.837396e-07 
3.832383e-07 
3.827380e-07 
3.822384e-07 
3.817396e-07 
3.812417e-07 
3.807445e-07 
3.802482e-07 
3.797527e-07 
3.792579e-07 
3.787640e-07 
3.782709e-07 
3.777786e-07 
3.772871e-07 
3.767964e-07 
3.763065e-07 
3.758174e-07 
3.753290e-07 
3.748415e-07 
3.743548e-07 
3.738688e-07 
3.733836e-07 
3.728993e-07 
3.724157e-07 
3.719328e-07 
3.714508e-07 
3.709695e-07 
3.704891e-07 
3.700094e-07 
3.695304e-07 
3.690523e-07 
3.685749e-07 
3.680983e-07 
3.676224e-07 
3.671474e-07 
3.666731e-07 
3.661995e-07 
3.657267e-07 
3.652547e-07 
3.647834e-07 
3.643129e-07 
3.638432e-07 
3.633742e-07 
3.629059e-07 
3.624384e-07 
3.619717e-07 
3.615057e-07 
3.610404e-07 
3.605759e-07 
3.601122e-07 
3.596492e-07 
3.591869e-07 
3.587253e-07 
3.582646e-07 
3.578045e-07 
3.573452e-07 
3.568866e-07 
3.564287e-07 
3.559716e-07 
3.555152e-07 
3.550595e-07 
3.546046e-07 
3.541504e-07 
3.536969e-07 
3.532441e-07 
3.527921e-07 
3.523407e-07 
3.518901e-07 
3.514402e-07 
3.509911e-07 
3.505426e-07 
3.500948e-07 
3.496478e-07 
3.492015e-07 
3.487558e-07 
3.483109e-07 
3.478667e-07 
3.474232e-07 
3.469804e-07 
3.465383e-07 
3.460969e-07 
3.456562e-07 
3.452162e-07 
3.447769e-07 
3.443383e-07 
3.439003e-07 
3.434631e-07 
3.430266e-07 
3.425907e-07 
3.421556e-07 
3.417211e-07 
3.412873e-07 
3.408542e-07 
3.404218e-07 
3.399900e-07 
3.395589e-07 
3.391286e-07 
3.386989e-07 
3.382698e-07 
3.378415e-07 
3.374138e-07 
3.369868e-07 
3.365604e-07 
3.361348e-07 
3.357098e-07 
3.352854e-07 
3.348617e-07 
3.344387e-07 
3.340164e-07 
3.335947e-07 
3.331737e-07 
3.327533e-07 
3.323336e-07 
3.319146e-07 
3.314962e-07 
3.310784e-07 
3.306613e-07 
3.302449e-07 
3.298291e-07 
3.294140e-07 
3.289995e-07 
3.285856e-07 
3.281724e-07 
3.277599e-07 
3.273480e-07 
3.269367e-07 
3.265261e-07 
3.261161e-07 
3.257067e-07 
3.252980e-07 
3.248899e-07 
3.244825e-07 
3.240757e-07 
3.236695e-07 
3.232639e-07 
3.228590e-07 
3.224547e-07 
3.220511e-07 
3.216480e-07 
3.212456e-07 
3.208438e-07 
3.204426e-07 
3.200421e-07 
3.196422e-07 
3.192428e-07 
3.188442e-07 
3.184461e-07 
3.180486e-07 
3.176518e-07 
3.172555e-07 
3.168599e-07 
3.164649e-07 
3.160705e-07 
3.156767e-07 
3.152835e-07 
3.148909e-07 
3.144989e-07 
3.141075e-07 
3.137168e-07 
3.133266e-07 
3.129370e-07 
3.125480e-07 
3.121597e-07 
3.117719e-07 
3.113847e-07 
3.109981e-07 
3.106121e-07 
3.102267e-07 
3.098419e-07 
3.094577e-07 
3.090740e-07 
3.086910e-07 
3.083085e-07 
3.079266e-07 
3.075453e-07 
3.071646e-07 
3.067845e-07 
3.064049e-07 
3.060260e-07 
3.056476e-07 
3.052698e-07 
3.048926e-07 
3.045159e-07 
3.041398e-07 
3.037643e-07 
3.033894e-07 
3.030150e-07 
3.026412e-07 
3.022680e-07 
3.018953e-07 
3.015232e-07 
3.011517e-07 
3.007807e-07 
3.004103e-07 
3.000405e-07 
2.996712e-07 
2.993025e-07 
2.989344e-07 
2.985668e-07 
2.981997e-07 
2.978332e-07 
2.974673e-07 
2.971020e-07 
2.967371e-07 
2.963729e-07 
2.960092e-07 
2.956460e-07 
2.952834e-07 
2.949213e-07 
2.945598e-07 
2.941988e-07 
2.938384e-07 
2.934785e-07 
2.931192e-07 
2.927604e-07 
2.924021e-07 
2.920444e-07 
2.916872e-07 
2.913306e-07 
2.909745e-07 
2.906189e-07 
2.902639e-07 
2.899094e-07 
2.895554e-07 
2.892020e-07 
2.888491e-07 
2.884967e-07 
2.881449e-07 
2.877936e-07 
2.874428e-07 
2.870925e-07 
2.867428e-07 
2.863936e-07 
2.860449e-07 
2.856967e-07 
2.853491e-07 
2.850020e-07 
2.846554e-07 
2.843093e-07 
2.839637e-07 
2.836187e-07 
2.832741e-07 
2.829301e-07 
2.825866e-07 
2.822436e-07 
2.819012e-07 
2.815592e-07 
2.812177e-07 
2.808768e-07 
2.805363e-07 
2.801964e-07 
2.798570e-07 
2.795181e-07 
2.791796e-07 
2.788417e-07 
2.785043e-07 
2.781674e-07 
2.778310e-07 
2.774951e-07 
2.771597e-07 
2.768248e-07 
2.764904e-07 
2.761564e-07 
2.758230e-07 
2.754901e-07 
2.751577e-07 
2.748257e-07 
2.744943e-07 
2.741633e-07 
2.738328e-07 
2.735029e-07 
2.731734e-07 
2.728444e-07 
2.725158e-07 
2.721878e-07 
2.718603e-07 
2.715331e-07 
2.712065e-07 
2.708803e-07 
2.705546e-07 
2.702293e-07 
2.699046e-07 
2.695803e-07 
2.692565e-07 
2.689332e-07 
2.686104e-07 
2.682880e-07 
2.679662e-07 
2.676448e-07 
2.673238e-07 
2.670034e-07 
2.666834e-07 
2.663638e-07 
2.660448e-07 
2.657262e-07 
2.654081e-07 
2.650905e-07 
2.647733e-07 
2.644566e-07 
2.641403e-07 
2.638246e-07 
2.635092e-07 
2.631944e-07 
2.628800e-07 
2.625661e-07 
2.622526e-07 
2.619396e-07 
2.616270e-07 
2.613149e-07 
2.610033e-07 
2.606921e-07 
2.603814e-07 
2.600711e-07 
2.597613e-07 
2.594520e-07 
2.591431e-07 
2.588346e-07 
2.585266e-07 
2.582191e-07 
2.579120e-07 
2.576053e-07 
2.572991e-07 
2.569934e-07 
2.566880e-07 
2.563832e-07 
2.560788e-07 
2.557748e-07 
2.554713e-07 
2.551682e-07 
2.548655e-07 
2.545633e-07 
2.542616e-07 
2.539602e-07 
2.536594e-07 
2.533589e-07 
2.530589e-07 
2.527593e-07 
2.524602e-07 
2.521615e-07 
2.518633e-07 
2.515654e-07 
2.512680e-07 
2.509711e-07 
2.506745e-07 
2.503784e-07 
2.500828e-07 
2.497875e-07 
2.494927e-07 
2.491983e-07 
2.489044e-07 
2.486109e-07 
2.483178e-07 
2.480251e-07 
2.477328e-07 
2.474410e-07 
2.471496e-07 
2.468586e-07 
2.465681e-07 
2.462779e-07 
2.459882e-07 
2.456989e-07 
2.454100e-07 
2.451216e-07 
2.448335e-07 
2.445459e-07 
2.442587e-07 
2.439719e-07 
2.436855e-07 
2.433996e-07 
2.431140e-07 
2.428289e-07 
2.425441e-07 
2.422598e-07 
2.419759e-07 
2.416924e-07 
2.414093e-07 
2.411267e-07 
2.408444e-07 
2.405625e-07 
2.402811e-07 
2.400000e-07 
2.397194e-07 
2.394391e-07 
2.391593e-07 
2.388799e-07 
2.386008e-07 
2.383222e-07 
2.380440e-07 
2.377661e-07 
2.374887e-07 
2.372117e-07 
2.369351e-07 
2.366588e-07 
2.363830e-07 
2.361075e-07 
2.358325e-07 
2.355579e-07 
2.352836e-07 
2.350097e-07 
2.347363e-07 
2.344632e-07 
2.341905e-07 
2.339182e-07 
2.336463e-07 
2.333748e-07 
2.331037e-07 
2.328330e-07 
2.325626e-07 
2.322927e-07 
2.320231e-07 
2.317539e-07 
2.314851e-07 
2.312167e-07 
2.309486e-07 
2.306810e-07 
2.304137e-07 
2.301469e-07 
2.298803e-07 
2.296142e-07 
2.293485e-07 
2.290831e-07 
2.288181e-07 
2.285535e-07 
2.282893e-07 
2.280255e-07 
2.277620e-07 
2.274989e-07 
2.272362e-07 
2.269738e-07 
2.267119e-07 
2.264503e-07 
2.261890e-07 
2.259282e-07 
2.256677e-07 
2.254076e-07 
2.251478e-07 
2.248885e-07 
2.246295e-07 
2.243708e-07 
2.241126e-07 
2.238547e-07 
2.235971e-07 
2.233400e-07 
2.230832e-07 
2.228267e-07 
2.225707e-07 
2.223149e-07 
2.220596e-07 
2.218046e-07 
2.215500e-07 
2.212957e-07 
2.210418e-07 
2.207883e-07 
2.205351e-07 
2.202823e-07 
2.200298e-07 
2.197777e-07 
2.195260e-07 
2.192746e-07 
2.190235e-07 
2.187729e-07 
2.185225e-07 
2.182726e-07 
2.180229e-07 
2.177737e-07 
2.175248e-07 
2.172762e-07 
2.170280e-07 
2.167801e-07 
2.165326e-07 
2.162855e-07 
2.160386e-07 
2.157922e-07 
2.155461e-07 
2.153003e-07 
2.150549e-07 
2.148098e-07 
2.145651e-07 
2.143207e-07 
2.140766e-07 
2.138329e-07 
2.135896e-07 
2.133466e-07 
2.131039e-07 
2.128616e-07 
2.126196e-07 
2.123779e-07 
2.121366e-07 
2.118957e-07 
2.116550e-07 
2.114147e-07 
2.111748e-07 
2.109352e-07 
2.106959e-07 
2.104570e-07 
2.102183e-07 
2.099801e-07 
2.097421e-07 
2.095045e-07 
2.092673e-07 
2.090303e-07 
2.087937e-07 
2.085574e-07 
2.083215e-07 
2.080859e-07 
2.078506e-07 
2.076156e-07 
2.073810e-07 
2.071467e-07 
2.069127e-07 
2.066791e-07 
2.064458e-07 
2.062128e-07 
2.059801e-07 
2.057478e-07 
2.055158e-07 
2.052841e-07 
2.050527e-07 
2.048217e-07 
2.045910e-07 
2.043606e-07 
2.041305e-07 
2.039007e-07 
2.036713e-07 
2.034422e-07 
2.032134e-07 
2.029849e-07 
2.027567e-07 
2.025289e-07 
2.023014e-07 
2.020742e-07 
2.018473e-07 
2.016207e-07 
2.013944e-07 
2.011685e-07 
2.009429e-07 
2.007175e-07 
2.004925e-07 
2.002678e-07 
2.000435e-07 
1.998194e-07 
1.995956e-07 
1.993722e-07 
1.991491e-07 
1.989262e-07 
1.987037e-07 
1.984815e-07 
1.982596e-07 
1.980380e-07 
1.978167e-07 
1.975958e-07 
1.973751e-07 
1.971547e-07 
1.969347e-07 
1.967149e-07 
1.964954e-07 
1.962763e-07 
1.960574e-07 
1.958389e-07 
1.956207e-07 
1.954027e-07 
1.951851e-07 
1.949677e-07 
1.947507e-07 
1.945340e-07 
1.943175e-07 
1.941014e-07 
1.938856e-07 
1.936700e-07 
1.934548e-07 
1.932398e-07 
1.930252e-07 
1.928108e-07 
1.925968e-07 
1.923830e-07 
1.921695e-07 
1.919563e-07 
1.917435e-07 
1.915309e-07 
1.913186e-07 
1.911066e-07 
1.908949e-07 
1.906834e-07 
1.904723e-07 
1.902615e-07 
1.900509e-07 
1.898406e-07 
1.896307e-07 
1.894210e-07 
1.892116e-07 
1.890025e-07 
1.887937e-07 
1.885851e-07 
1.883769e-07 
1.881689e-07 
1.879612e-07 
1.877538e-07 
1.875467e-07 
1.873399e-07 
1.871334e-07 
1.869271e-07 
1.867211e-07 
1.865154e-07 
1.863100e-07 
1.861049e-07 
1.859000e-07 
1.856955e-07 
1.854912e-07 
1.852872e-07 
1.850834e-07 
1.848800e-07 
1.846768e-07 
1.844739e-07 
1.842713e-07 
1.840689e-07 
1.838669e-07 
1.836651e-07 
1.834635e-07 
1.832623e-07 
1.830613e-07 
1.828606e-07 
1.826602e-07 
1.824601e-07 
1.822602e-07 
1.820606e-07 
1.818613e-07 
1.816622e-07 
1.814634e-07 
1.812649e-07 
1.810666e-07 
1.808687e-07 
1.806710e-07 
1.804735e-07 
1.802764e-07 
1.800794e-07 
1.798828e-07 
1.796864e-07 
1.794903e-07 
1.792945e-07 
1.790989e-07 
1.789036e-07 
1.787086e-07 
1.785138e-07 
1.783193e-07 
1.781251e-07 
1.779311e-07 
1.777374e-07 
1.775439e-07 
1.773507e-07 
1.771578e-07 
1.769651e-07 
1.767727e-07 
1.765805e-07 
1.763886e-07 
1.761970e-07 
1.760056e-07 
1.758145e-07 
1.756237e-07 
1.754331e-07 
1.752427e-07 
1.750526e-07 
1.748628e-07 
1.746732e-07 
1.744839e-07 
1.742949e-07 
1.741061e-07 
1.739175e-07 
1.737292e-07 
1.735412e-07 
1.733534e-07 
1.731659e-07 
1.729786e-07 
1.727915e-07 
1.726048e-07 
1.724182e-07 
1.722320e-07 
1.720459e-07 
1.718602e-07 
1.716747e-07 
1.714894e-07 
1.713044e-07 
1.711196e-07 
1.709351e-07 
1.707508e-07 
1.705667e-07 
1.703830e-07 
1.701994e-07 
1.700161e-07 
1.698331e-07 
1.696503e-07 
1.694677e-07 
1.692854e-07 
1.691034e-07 
1.689215e-07 
1.687400e-07 
1.685586e-07 
1.683775e-07 
1.681967e-07 
1.680161e-07 
1.678357e-07 
1.676556e-07 
1.674757e-07 
1.672961e-07 
1.671167e-07 
1.669375e-07 
1.667586e-07 
1.665799e-07 
1.664015e-07 
1.662232e-07 
1.660453e-07 
1.658676e-07 
1.656901e-07 
1.655128e-07 
1.653358e-07 
1.651590e-07 
1.649825e-07 
1.648061e-07 
1.646301e-07 
1.644542e-07 
1.642786e-07 
1.641033e-07 
1.639281e-07 
1.637532e-07 
1.635785e-07 
1.634041e-07 
1.632299e-07 
1.630559e-07 
1.628822e-07 
1.627087e-07 
1.625354e-07 
1.623623e-07 
1.621895e-07 
1.620169e-07 
1.618445e-07 
1.616724e-07 
1.615005e-07 
1.613288e-07 
1.611574e-07 
1.609861e-07 
1.608151e-07 
1.606444e-07 
1.604738e-07 
1.603035e-07 
1.601334e-07 
1.599636e-07 
1.597939e-07 
1.596245e-07 
1.594553e-07 
1.592864e-07 
1.591176e-07 
1.589491e-07 
1.587808e-07 
1.586127e-07 
1.584449e-07 
1.582772e-07 
1.581098e-07 
1.579426e-07 
1.577757e-07 
1.576089e-07 
1.574424e-07 
1.572761e-07 
1.571100e-07 
1.569441e-07 
1.567785e-07 
1.566131e-07 
1.564479e-07 
1.562829e-07 
1.561181e-07 
1.559535e-07 
1.557892e-07 
1.556251e-07 
1.554611e-07 
1.552974e-07 
1.551340e-07 
1.549707e-07 
1.548077e-07 
1.546448e-07 
1.544822e-07 
1.543198e-07 
1.541576e-07 
1.539956e-07 
1.538339e-07 
1.536723e-07 
1.535110e-07 
1.533498e-07 
1.531889e-07 
1.530282e-07 
1.528677e-07 
1.527074e-07 
1.525474e-07 
1.523875e-07 
1.522278e-07 
1.520684e-07 
1.519091e-07 
1.517501e-07 
1.515913e-07 
1.514327e-07 
1.512743e-07 
1.511161e-07 
1.509581e-07 
1.508003e-07 
1.506427e-07 
1.504854e-07 
1.503282e-07 
1.501712e-07 
1.500145e-07 
1.498579e-07 
1.497016e-07 
1.495454e-07 
1.493895e-07 
1.492338e-07 
1.490782e-07 
1.489229e-07 
1.487678e-07 
1.486129e-07 
1.484581e-07 
1.483036e-07 
1.481493e-07 
1.479952e-07 
1.478413e-07 
1.476875e-07 
1.475340e-07 
1.473807e-07 
1.472276e-07 
1.470747e-07 
1.469220e-07 
1.467694e-07 
1.466171e-07 
1.464650e-07 
1.463131e-07 
1.461613e-07 
1.460098e-07 
1.458585e-07 
1.457073e-07 
1.455564e-07 
1.454056e-07 
1.452551e-07 
1.451047e-07 
1.449546e-07 
1.448046e-07 
1.446548e-07 
1.445053e-07 
1.443559e-07 
1.442067e-07 
1.440577e-07 
1.439089e-07 
1.437603e-07 
1.436119e-07 
1.434636e-07 
1.433156e-07 
1.431678e-07 
1.430201e-07 
1.428727e-07 
1.427254e-07 
1.425783e-07 
1.424314e-07 
1.422847e-07 
1.421382e-07 
1.419919e-07 
1.418457e-07 
1.416998e-07 
1.415541e-07 
1.414085e-07 
1.412631e-07 
1.411179e-07 
1.409729e-07 
1.408281e-07 
1.406835e-07 
1.405390e-07 
1.403947e-07 
1.402507e-07 
1.401068e-07 
1.399631e-07 
1.398196e-07 
1.396762e-07 
1.395331e-07 
1.393901e-07 
1.392473e-07 
1.391047e-07 
1.389623e-07 
1.388201e-07 
1.386780e-07 
1.385362e-07 
1.383945e-07 
1.382530e-07 
1.381117e-07 
1.379705e-07 
1.378296e-07 
1.376888e-07 
1.375482e-07 
1.374078e-07 
1.372675e-07 
1.371275e-07 
1.369876e-07 
1.368479e-07 
1.367084e-07 
1.365690e-07 
1.364299e-07 
1.362909e-07 
1.361521e-07 
1.360135e-07 
1.358750e-07 
1.357367e-07 
1.355986e-07 
1.354607e-07 
1.353230e-07 
1.351854e-07 
1.350480e-07 
1.349108e-07 
1.347737e-07 
1.346369e-07 
1.345002e-07 
1.343637e-07 
1.342273e-07 
1.340911e-07 
1.339551e-07 
1.338193e-07 
1.336837e-07 
1.335482e-07 
1.334129e-07 
1.332777e-07 
1.331428e-07 
1.330080e-07 
1.328734e-07 
1.327389e-07 
1.326046e-07 
1.324705e-07 
1.323366e-07 
1.322028e-07 
1.320692e-07 
1.319358e-07 
1.318025e-07 
1.316695e-07 
1.315365e-07 
1.314038e-07 
1.312712e-07 
1.311388e-07 
1.310066e-07 
1.308745e-07 
1.307426e-07 
1.306108e-07 
1.304792e-07 
1.303478e-07 
1.302166e-07 
1.300855e-07 
1.299546e-07 
1.298239e-07 
1.296933e-07 
1.295629e-07 
1.294326e-07 
1.293025e-07 
1.291726e-07 
1.290428e-07 
1.289133e-07 
1.287838e-07 
1.286546e-07 
1.285255e-07 
1.283965e-07 
1.282677e-07 
1.281391e-07 
1.280107e-07 
1.278824e-07 
1.277543e-07 
1.276263e-07 
1.274985e-07 
1.273708e-07 
1.272434e-07 
1.271160e-07 
1.269889e-07 
1.268619e-07 
1.267350e-07 
1.266084e-07 
1.264818e-07 
1.263555e-07 
1.262293e-07 
1.261032e-07 
1.259773e-07 
1.258516e-07 
1.257260e-07 
1.256006e-07 
1.254754e-07 
1.253503e-07 
1.252253e-07 
1.251005e-07 
1.249759e-07 
1.248514e-07 
1.247271e-07 
1.246030e-07 
1.244790e-07 
1.243551e-07 
1.242314e-07 
1.241079e-07 
1.239845e-07 
1.238613e-07 
1.237382e-07 
1.236153e-07 
1.234925e-07 
1.233699e-07 
1.232474e-07 
1.231251e-07 
1.230030e-07 
1.228810e-07 
1.227591e-07 
1.226374e-07 
1.225159e-07 
1.223945e-07 
1.222732e-07 
1.221521e-07 
1.220312e-07 
1.219104e-07 
1.217898e-07 
1.216693e-07 
1.215490e-07 
1.214288e-07 
1.213087e-07 
1.211888e-07 
1.210691e-07 
1.209495e-07 
1.208301e-07 
1.207108e-07 
1.205916e-07 
1.204726e-07 
1.203538e-07 
1.202351e-07 
1.201166e-07 
1.199982e-07 
1.198799e-07 
1.197618e-07 
1.196438e-07 
1.195260e-07 
1.194083e-07 
1.192908e-07 
1.191734e-07 
1.190562e-07 
1.189391e-07 
1.188222e-07 
1.187054e-07 
1.185887e-07 
1.184722e-07 
1.183559e-07 
1.182396e-07 
1.181236e-07 
1.180076e-07 
1.178919e-07 
1.177762e-07 
1.176607e-07 
1.175454e-07 
1.174301e-07 
1.173151e-07 
1.172001e-07 
1.170854e-07 
1.169707e-07 
1.168562e-07 
1.167418e-07 
1.166276e-07 
1.165135e-07 
1.163996e-07 
1.162858e-07 
1.161721e-07 
1.160586e-07 
1.159452e-07 
1.158320e-07 
1.157189e-07 
1.156060e-07 
1.154931e-07 
1.153805e-07 
1.152679e-07 
1.151555e-07 
1.150432e-07 
1.149311e-07 
1.148191e-07 
1.147073e-07 
1.145956e-07 
1.144840e-07 
1.143726e-07 
1.142613e-07 
1.141501e-07 
1.140391e-07 
1.139282e-07 
1.138174e-07 
1.137068e-07 
1.135963e-07 
1.134860e-07 
1.133758e-07 
1.132657e-07 
1.131557e-07 
1.130459e-07 
1.129363e-07 
1.128267e-07 
1.127173e-07 
1.126080e-07 
1.124989e-07 
1.123899e-07 
1.122810e-07 
1.121723e-07 
1.120637e-07 
1.119552e-07 
1.118469e-07 
1.117387e-07 
1.116306e-07 
1.115227e-07 
1.114149e-07 
1.113072e-07 
1.111997e-07 
1.110922e-07 
1.109850e-07 
1.108778e-07 
1.107708e-07 
1.106639e-07 
1.105571e-07 
1.104505e-07 
1.103440e-07 
1.102376e-07 
1.101314e-07 
1.100253e-07 
1.099193e-07 
1.098135e-07 
1.097077e-07 
1.096021e-07 
1.094967e-07 
1.093913e-07 
1.092861e-07 
1.091811e-07 
1.090761e-07 
1.089713e-07 
1.088666e-07 
1.087620e-07 
1.086576e-07 
1.085533e-07 
1.084491e-07 
1.083450e-07 
1.082411e-07 
1.081373e-07 
1.080336e-07 
1.079300e-07 
1.078266e-07 
1.077233e-07 
1.076201e-07 
1.075170e-07 
1.074141e-07 
1.073113e-07 
1.072086e-07 
1.071061e-07 
1.070036e-07 
1.069013e-07 
1.067991e-07 
1.066971e-07 
1.065951e-07 
1.064933e-07 
1.063916e-07 
1.062901e-07 
1.061886e-07 
1.060873e-07 
1.059861e-07 
1.058850e-07 
1.057841e-07 
1.056832e-07 
1.055825e-07 
1.054819e-07 
1.053814e-07 
1.052811e-07 
1.051809e-07 
1.050808e-07 
1.049808e-07 
1.048809e-07 
1.047812e-07 
1.046815e-07 
1.045820e-07 
1.044827e-07 
1.043834e-07 
1.042842e-07 
1.041852e-07 
1.040863e-07 
1.039875e-07 
1.038888e-07 
1.037903e-07 
1.036919e-07 
1.035935e-07 
1.034954e-07 
1.033973e-07 
1.032993e-07 
1.032015e-07 
1.031037e-07 
1.030061e-07 
1.029086e-07 
1.028113e-07 
1.027140e-07 
1.026169e-07 
1.025199e-07 
1.024229e-07 
1.023262e-07 
1.022295e-07 
1.021329e-07 
1.020365e-07 
1.019402e-07 
1.018439e-07 
1.017478e-07 
1.016519e-07 
1.015560e-07 
1.014602e-07 
1.013646e-07 
1.012691e-07 
1.011737e-07 
1.010784e-07 
1.009832e-07 
1.008881e-07 
1.007932e-07 
1.006983e-07 
1.006036e-07 
1.005090e-07 
1.004145e-07 
1.003201e-07 
1.002258e-07 
1.001316e-07 
1.000376e-07 
9.994365e-08 
9.984983e-08 
9.975611e-08 
9.966250e-08 
9.956901e-08 
9.947563e-08 
9.938236e-08 
9.928920e-08 
9.919615e-08 
9.910321e-08 
9.901039e-08 
9.891767e-08 
9.882506e-08 
9.873257e-08 
9.864018e-08 
9.854790e-08 
9.845573e-08 
9.836368e-08 
9.827173e-08 
9.817989e-08 
9.808816e-08 
9.799654e-08 
9.790502e-08 
9.781362e-08 
9.772232e-08 
9.763114e-08 
9.754006e-08 
9.744908e-08 
9.735822e-08 
9.726746e-08 
9.717682e-08 
9.708627e-08 
9.699584e-08 
9.690551e-08 
9.681529e-08 
9.672518e-08 
9.663517e-08 
9.654527e-08 
9.645548e-08 
9.636579e-08 
9.627621e-08 
9.618673e-08 
9.609736e-08 
9.600809e-08 
9.591893e-08 
9.582988e-08 
9.574093e-08 
9.565208e-08 
9.556335e-08 
9.547471e-08 
9.538618e-08 
9.529775e-08 
9.520943e-08 
9.512121e-08 
9.503310e-08 
9.494509e-08 
9.485718e-08 
9.476938e-08 
9.468168e-08 
9.459408e-08 
9.450660e-08 
