   2.48318805092e+08    7.60159607423e+09    2.53386535808e+06    6.20500000000e+00 
2903 
1.843766e-04 
1.809144e-04 
1.775531e-04 
1.742787e-04 
1.710542e-04 
1.679215e-04 
1.648770e-04 
1.619120e-04 
1.590104e-04 
1.561853e-04 
1.534295e-04 
1.507367e-04 
1.481091e-04 
1.455456e-04 
1.430440e-04 
1.406024e-04 
1.382187e-04 
1.358919e-04 
1.336204e-04 
1.314021e-04 
1.292363e-04 
1.271232e-04 
1.250611e-04 
1.230464e-04 
1.210759e-04 
1.191489e-04 
1.172678e-04 
1.154286e-04 
1.136285e-04 
1.118679e-04 
1.101461e-04 
1.084631e-04 
1.068176e-04 
1.052079e-04 
1.036334e-04 
1.020928e-04 
1.005845e-04 
9.910813e-05 
9.766298e-05 
9.624828e-05 
9.486323e-05 
9.350763e-05 
9.218075e-05 
9.088122e-05 
8.960832e-05 
8.836135e-05 
8.713951e-05 
8.594205e-05 
8.476855e-05 
8.361838e-05 
8.249095e-05 
8.138566e-05 
8.030210e-05 
7.923975e-05 
7.819788e-05 
7.717596e-05 
7.617351e-05 
7.519002e-05 
7.422503e-05 
7.327809e-05 
7.234874e-05 
7.143656e-05 
7.054129e-05 
6.966254e-05 
6.879975e-05 
6.795251e-05 
6.712046e-05 
6.630289e-05 
6.549982e-05 
6.471093e-05 
6.393591e-05 
6.317446e-05 
6.242627e-05 
6.169090e-05 
6.096813e-05 
6.025782e-05 
5.955973e-05 
5.887382e-05 
5.819967e-05 
5.753699e-05 
5.688561e-05 
5.624514e-05 
5.561531e-05 
5.499570e-05 
5.438623e-05 
5.378678e-05 
5.319706e-05 
5.261685e-05 
5.204595e-05 
5.148416e-05 
5.093128e-05 
5.038715e-05 
4.985157e-05 
4.932437e-05 
4.880539e-05 
4.829445e-05 
4.779136e-05 
4.729599e-05 
4.680819e-05 
4.632781e-05 
4.585469e-05 
4.538869e-05 
4.492966e-05 
4.447748e-05 
4.403201e-05 
4.359312e-05 
4.316067e-05 
4.273455e-05 
4.231463e-05 
4.190080e-05 
4.149293e-05 
4.109094e-05 
4.069473e-05 
4.030415e-05 
3.991910e-05 
3.953948e-05 
3.916518e-05 
3.879610e-05 
3.843216e-05 
3.807325e-05 
3.771929e-05 
3.737018e-05 
3.702584e-05 
3.668618e-05 
3.635112e-05 
3.602057e-05 
3.569445e-05 
3.537269e-05 
3.505522e-05 
3.474194e-05 
3.443280e-05 
3.412772e-05 
3.382662e-05 
3.352945e-05 
3.323613e-05 
3.294660e-05 
3.266079e-05 
3.237864e-05 
3.210009e-05 
3.182508e-05 
3.155364e-05 
3.128576e-05 
3.102123e-05 
3.076001e-05 
3.050205e-05 
3.024727e-05 
2.999564e-05 
2.974710e-05 
2.950161e-05 
2.925910e-05 
2.901954e-05 
2.878288e-05 
2.854906e-05 
2.831805e-05 
2.808980e-05 
2.786427e-05 
2.764141e-05 
2.742118e-05 
2.720354e-05 
2.698845e-05 
2.677587e-05 
2.656576e-05 
2.635809e-05 
2.615281e-05 
2.594988e-05 
2.574929e-05 
2.555097e-05 
2.535492e-05 
2.516108e-05 
2.496942e-05 
2.477992e-05 
2.459255e-05 
2.440726e-05 
2.422406e-05 
2.404290e-05 
2.386373e-05 
2.368653e-05 
2.351127e-05 
2.333792e-05 
2.316645e-05 
2.299684e-05 
2.282905e-05 
2.266307e-05 
2.249887e-05 
2.233641e-05 
2.217569e-05 
2.201666e-05 
2.185931e-05 
2.170362e-05 
2.154955e-05 
2.139709e-05 
2.124622e-05 
2.109691e-05 
2.094915e-05 
2.080290e-05 
2.065815e-05 
2.051488e-05 
2.037307e-05 
2.023270e-05 
2.009374e-05 
1.995619e-05 
1.982001e-05 
1.968520e-05 
1.955173e-05 
1.941959e-05 
1.928876e-05 
1.915921e-05 
1.903094e-05 
1.890393e-05 
1.877829e-05 
1.865388e-05 
1.853068e-05 
1.840867e-05 
1.828783e-05 
1.816815e-05 
1.804962e-05 
1.793221e-05 
1.781592e-05 
1.770073e-05 
1.758662e-05 
1.747358e-05 
1.736161e-05 
1.725067e-05 
1.714077e-05 
1.703188e-05 
1.692400e-05 
1.681711e-05 
1.671120e-05 
1.660626e-05 
1.650227e-05 
1.639923e-05 
1.629712e-05 
1.619592e-05 
1.609564e-05 
1.599625e-05 
1.589775e-05 
1.580013e-05 
1.570336e-05 
1.560746e-05 
1.551239e-05 
1.541816e-05 
1.532476e-05 
1.523216e-05 
1.514037e-05 
1.504938e-05 
1.495917e-05 
1.486973e-05 
1.478106e-05 
1.469314e-05 
1.460598e-05 
1.451966e-05 
1.443420e-05 
1.434946e-05 
1.426544e-05 
1.418211e-05 
1.409947e-05 
1.401752e-05 
1.393624e-05 
1.385563e-05 
1.377567e-05 
1.369637e-05 
1.361771e-05 
1.353968e-05 
1.346228e-05 
1.338550e-05 
1.330933e-05 
1.323377e-05 
1.315880e-05 
1.308443e-05 
1.301063e-05 
1.293742e-05 
1.286477e-05 
1.279268e-05 
1.272115e-05 
1.265017e-05 
1.257973e-05 
1.250983e-05 
1.244045e-05 
1.237160e-05 
1.230327e-05 
1.223545e-05 
1.216814e-05 
1.210132e-05 
1.203500e-05 
1.196917e-05 
1.190382e-05 
1.183895e-05 
1.177472e-05 
1.171116e-05 
1.164807e-05 
1.158542e-05 
1.152321e-05 
1.146143e-05 
1.140009e-05 
1.133917e-05 
1.127866e-05 
1.121856e-05 
1.115887e-05 
1.109958e-05 
1.104068e-05 
1.098216e-05 
1.092403e-05 
1.086627e-05 
1.080888e-05 
1.075186e-05 
1.069520e-05 
1.063889e-05 
1.058293e-05 
1.052731e-05 
1.047203e-05 
1.041709e-05 
1.036247e-05 
1.030834e-05 
1.025486e-05 
1.020169e-05 
1.014881e-05 
1.009622e-05 
1.004390e-05 
9.991848e-06 
9.940052e-06 
9.888505e-06 
9.837198e-06 
9.786122e-06 
9.735269e-06 
9.684632e-06 
9.634201e-06 
9.583969e-06 
9.533929e-06 
9.484072e-06 
9.434638e-06 
9.386249e-06 
9.337986e-06 
9.289823e-06 
9.241734e-06 
9.193694e-06 
9.145677e-06 
9.097658e-06 
9.049613e-06 
9.001519e-06 
8.953351e-06 
8.905088e-06 
8.856707e-06 
8.808291e-06 
8.759841e-06 
8.711331e-06 
8.662818e-06 
8.614358e-06 
8.566007e-06 
8.517819e-06 
8.469848e-06 
8.422146e-06 
8.370888e-06 
8.317774e-06 
8.265048e-06 
8.212706e-06 
8.160746e-06 
8.105038e-06 
8.045431e-06 
7.983372e-06 
7.918432e-06 
7.851073e-06 
7.782651e-06 
7.716220e-06 
7.654946e-06 
7.599439e-06 
7.560394e-06 
7.521614e-06 
7.502433e-06 
7.484620e-06 
7.482490e-06 
7.481662e-06 
7.483752e-06 
7.486832e-06 
7.487342e-06 
7.482726e-06 
7.478082e-06 
7.473410e-06 
7.463393e-06 
7.449301e-06 
7.435260e-06 
7.421272e-06 
7.405069e-06 
7.385094e-06 
7.365221e-06 
7.345449e-06 
7.325778e-06 
7.306206e-06 
7.286733e-06 
7.265242e-06 
7.242850e-06 
7.220540e-06 
7.198288e-06 
7.176070e-06 
7.153862e-06 
7.131641e-06 
7.109385e-06 
7.087071e-06 
7.064678e-06 
7.042098e-06 
7.019396e-06 
6.996608e-06 
6.973743e-06 
6.950812e-06 
6.927825e-06 
6.904792e-06 
6.881724e-06 
6.858628e-06 
6.835516e-06 
6.812396e-06 
6.789278e-06 
6.766170e-06 
6.743297e-06 
6.720497e-06 
6.697723e-06 
6.674978e-06 
6.652266e-06 
6.629589e-06 
6.606951e-06 
6.584355e-06 
6.561804e-06 
6.539302e-06 
6.516852e-06 
6.494456e-06 
6.472118e-06 
6.449840e-06 
6.427691e-06 
6.405669e-06 
6.383713e-06 
6.361824e-06 
6.340002e-06 
6.318251e-06 
6.296569e-06 
6.274960e-06 
6.253423e-06 
6.231960e-06 
6.210572e-06 
6.189260e-06 
6.168024e-06 
6.146867e-06 
6.125789e-06 
6.104791e-06 
6.083914e-06 
6.063135e-06 
6.042438e-06 
6.021822e-06 
6.001288e-06 
5.980835e-06 
5.960465e-06 
5.940177e-06 
5.919972e-06 
5.899850e-06 
5.879810e-06 
5.859853e-06 
5.839980e-06 
5.820190e-06 
5.800484e-06 
5.780861e-06 
5.761323e-06 
5.741871e-06 
5.722557e-06 
5.703326e-06 
5.684179e-06 
5.665114e-06 
5.646133e-06 
5.627234e-06 
5.608418e-06 
5.589683e-06 
5.571031e-06 
5.552460e-06 
5.533971e-06 
5.515564e-06 
5.497237e-06 
5.478991e-06 
5.460826e-06 
5.442741e-06 
5.424738e-06 
5.406818e-06 
5.388979e-06 
5.371219e-06 
5.353537e-06 
5.335934e-06 
5.318409e-06 
5.300962e-06 
5.283592e-06 
5.266299e-06 
5.249083e-06 
5.231943e-06 
5.214879e-06 
5.197891e-06 
5.180978e-06 
5.164140e-06 
5.147377e-06 
5.130688e-06 
5.114072e-06 
5.097531e-06 
5.081071e-06 
5.064686e-06 
5.048373e-06 
5.032133e-06 
5.015964e-06 
4.999867e-06 
4.983841e-06 
4.967887e-06 
4.952002e-06 
4.936188e-06 
4.920444e-06 
4.904769e-06 
4.889163e-06 
4.873626e-06 
4.858158e-06 
4.842758e-06 
4.827426e-06 
4.812158e-06 
4.796956e-06 
4.781822e-06 
4.766754e-06 
4.751752e-06 
4.736817e-06 
4.721947e-06 
4.707143e-06 
4.692404e-06 
4.677730e-06 
4.663121e-06 
4.648576e-06 
4.634095e-06 
4.619677e-06 
4.605325e-06 
4.591040e-06 
4.576819e-06 
4.562659e-06 
4.548562e-06 
4.534527e-06 
4.520553e-06 
4.506641e-06 
4.492789e-06 
4.478999e-06 
4.465268e-06 
4.451598e-06 
4.437987e-06 
4.424436e-06 
4.410945e-06 
4.397512e-06 
4.384141e-06 
4.370828e-06 
4.357573e-06 
4.344376e-06 
4.331236e-06 
4.318153e-06 
4.305127e-06 
4.292157e-06 
4.279243e-06 
4.266386e-06 
4.253584e-06 
4.240837e-06 
4.228145e-06 
4.215508e-06 
4.202925e-06 
4.190396e-06 
4.177919e-06 
4.165496e-06 
4.153126e-06 
4.140808e-06 
4.128544e-06 
4.116332e-06 
4.104172e-06 
4.092064e-06 
4.080008e-06 
4.068003e-06 
4.056049e-06 
4.044146e-06 
4.032293e-06 
4.020491e-06 
4.008739e-06 
3.997040e-06 
3.985390e-06 
3.973790e-06 
3.962239e-06 
3.950737e-06 
3.939283e-06 
3.927878e-06 
3.916520e-06 
3.905211e-06 
3.893949e-06 
3.882735e-06 
3.871568e-06 
3.860448e-06 
3.849374e-06 
3.838348e-06 
3.827364e-06 
3.816421e-06 
3.805525e-06 
3.794675e-06 
3.783869e-06 
3.773109e-06 
3.762394e-06 
3.751723e-06 
3.741097e-06 
3.730514e-06 
3.719976e-06 
3.709481e-06 
3.699029e-06 
3.688621e-06 
3.678255e-06 
3.667940e-06 
3.657675e-06 
3.647452e-06 
3.637271e-06 
3.627123e-06 
3.617008e-06 
3.606933e-06 
3.596899e-06 
3.586906e-06 
3.576953e-06 
3.567040e-06 
3.557166e-06 
3.547333e-06 
3.537539e-06 
3.527783e-06 
3.518067e-06 
3.508390e-06 
3.498751e-06 
3.489150e-06 
3.479588e-06 
3.470063e-06 
3.460576e-06 
3.451129e-06 
3.441720e-06 
3.432347e-06 
3.423011e-06 
3.413712e-06 
3.404450e-06 
3.395224e-06 
3.386035e-06 
3.376882e-06 
3.367764e-06 
3.358683e-06 
3.349637e-06 
3.340627e-06 
3.331653e-06 
3.322713e-06 
3.313809e-06 
3.304939e-06 
3.296106e-06 
3.287311e-06 
3.278551e-06 
3.269825e-06 
3.261133e-06 
3.252475e-06 
3.243851e-06 
3.235260e-06 
3.226703e-06 
3.218179e-06 
3.209688e-06 
3.201230e-06 
3.192805e-06 
3.184412e-06 
3.176052e-06 
3.167725e-06 
3.159429e-06 
3.151165e-06 
3.142933e-06 
3.134733e-06 
3.126564e-06 
3.118426e-06 
3.110317e-06 
3.102239e-06 
3.094193e-06 
3.086177e-06 
3.078191e-06 
3.070236e-06 
3.062312e-06 
3.054417e-06 
3.046553e-06 
3.038718e-06 
3.030913e-06 
3.023138e-06 
3.015392e-06 
3.007675e-06 
2.999987e-06 
2.992329e-06 
2.984699e-06 
2.977098e-06 
2.969525e-06 
2.961981e-06 
2.954465e-06 
2.946978e-06 
2.939521e-06 
2.932091e-06 
2.924689e-06 
2.917315e-06 
2.909969e-06 
2.902649e-06 
2.895357e-06 
2.888092e-06 
2.880854e-06 
2.873642e-06 
2.866458e-06 
2.859299e-06 
2.852168e-06 
2.845062e-06 
2.837983e-06 
2.830930e-06 
2.823902e-06 
2.816901e-06 
2.809925e-06 
2.802974e-06 
2.796049e-06 
2.789150e-06 
2.782275e-06 
2.775426e-06 
2.768602e-06 
2.761802e-06 
2.755027e-06 
2.748277e-06 
2.741551e-06 
2.734849e-06 
2.728172e-06 
2.721519e-06 
2.714890e-06 
2.708285e-06 
2.701703e-06 
2.695145e-06 
2.688610e-06 
2.682100e-06 
2.675612e-06 
2.669147e-06 
2.662706e-06 
2.656288e-06 
2.649893e-06 
2.643520e-06 
2.637170e-06 
2.630843e-06 
2.624538e-06 
2.618256e-06 
2.611996e-06 
2.605758e-06 
2.599542e-06 
2.593348e-06 
2.587176e-06 
2.581025e-06 
2.574897e-06 
2.568790e-06 
2.562704e-06 
2.556640e-06 
2.550597e-06 
2.544575e-06 
2.538574e-06 
2.532594e-06 
2.526635e-06 
2.520697e-06 
2.514779e-06 
2.508882e-06 
2.503006e-06 
2.497150e-06 
2.491314e-06 
2.485498e-06 
2.479703e-06 
2.473927e-06 
2.468172e-06 
2.462436e-06 
2.456720e-06 
2.451024e-06 
2.445347e-06 
2.439690e-06 
2.434052e-06 
2.428434e-06 
2.422834e-06 
2.417254e-06 
2.411693e-06 
2.406151e-06 
2.400628e-06 
2.395123e-06 
2.389637e-06 
2.384170e-06 
2.378722e-06 
2.373292e-06 
2.367880e-06 
2.362486e-06 
2.357111e-06 
2.351754e-06 
2.346415e-06 
2.341094e-06 
2.335791e-06 
2.330505e-06 
2.325238e-06 
2.319988e-06 
2.314755e-06 
2.309540e-06 
2.304343e-06 
2.299163e-06 
2.294000e-06 
2.288854e-06 
2.283726e-06 
2.278614e-06 
2.273520e-06 
2.268442e-06 
2.263381e-06 
2.258337e-06 
2.253310e-06 
2.248299e-06 
2.243305e-06 
2.238327e-06 
2.233366e-06 
2.228420e-06 
2.223492e-06 
2.218579e-06 
2.213682e-06 
2.208802e-06 
2.203937e-06 
2.199089e-06 
2.194256e-06 
2.189439e-06 
2.184638e-06 
2.179852e-06 
2.175082e-06 
2.170327e-06 
2.165588e-06 
2.160864e-06 
2.156156e-06 
2.151462e-06 
2.146785e-06 
2.142122e-06 
2.137475e-06 
2.132842e-06 
2.128225e-06 
2.123622e-06 
2.119034e-06 
2.114461e-06 
2.109903e-06 
2.105359e-06 
2.100829e-06 
2.096314e-06 
2.091814e-06 
2.087328e-06 
2.082856e-06 
2.078398e-06 
2.073955e-06 
2.069526e-06 
2.065110e-06 
2.060709e-06 
2.056322e-06 
2.051948e-06 
2.047589e-06 
2.043243e-06 
2.038911e-06 
2.034592e-06 
2.030287e-06 
2.025996e-06 
2.021718e-06 
2.017453e-06 
2.013202e-06 
2.008964e-06 
2.004740e-06 
2.000528e-06 
1.996330e-06 
1.992145e-06 
1.987973e-06 
1.983814e-06 
1.979668e-06 
1.975534e-06 
1.971414e-06 
1.967306e-06 
1.963211e-06 
1.959129e-06 
1.955059e-06 
1.951002e-06 
1.946957e-06 
1.942925e-06 
1.938905e-06 
1.934898e-06 
1.930903e-06 
1.926920e-06 
1.922950e-06 
1.918991e-06 
1.915045e-06 
1.911111e-06 
1.907188e-06 
1.903278e-06 
1.899380e-06 
1.895493e-06 
1.891619e-06 
1.887756e-06 
1.883905e-06 
1.880065e-06 
1.876237e-06 
1.872421e-06 
1.868617e-06 
1.864823e-06 
1.861042e-06 
1.857271e-06 
1.853512e-06 
1.849765e-06 
1.846028e-06 
1.842303e-06 
1.838589e-06 
1.834886e-06 
1.831195e-06 
1.827514e-06 
1.823844e-06 
1.820186e-06 
1.816538e-06 
1.812901e-06 
1.809275e-06 
1.805660e-06 
1.802055e-06 
1.798461e-06 
1.794879e-06 
1.791307e-06 
1.787746e-06 
1.784196e-06 
1.780656e-06 
1.777126e-06 
1.773607e-06 
1.770098e-06 
1.766599e-06 
1.763111e-06 
1.759633e-06 
1.756165e-06 
1.752708e-06 
1.749260e-06 
1.745823e-06 
1.742396e-06 
1.738978e-06 
1.735571e-06 
1.732174e-06 
1.728786e-06 
1.725409e-06 
1.722041e-06 
1.718683e-06 
1.715335e-06 
1.711996e-06 
1.708667e-06 
1.705348e-06 
1.702039e-06 
1.698739e-06 
1.695448e-06 
1.692167e-06 
1.688895e-06 
1.685633e-06 
1.682380e-06 
1.679137e-06 
1.675903e-06 
1.672678e-06 
1.669462e-06 
1.666256e-06 
1.663059e-06 
1.659871e-06 
1.656692e-06 
1.653522e-06 
1.650361e-06 
1.647209e-06 
1.644066e-06 
1.640932e-06 
1.637807e-06 
1.634691e-06 
1.631583e-06 
1.628485e-06 
1.625395e-06 
1.622314e-06 
1.619241e-06 
1.616178e-06 
1.613123e-06 
1.610076e-06 
1.607038e-06 
1.604009e-06 
1.600988e-06 
1.597975e-06 
1.594971e-06 
1.591976e-06 
1.588989e-06 
1.586010e-06 
1.583039e-06 
1.580077e-06 
1.577123e-06 
1.574177e-06 
1.571240e-06 
1.568310e-06 
1.565389e-06 
1.562476e-06 
1.559571e-06 
1.556674e-06 
1.553785e-06 
1.550904e-06 
1.548031e-06 
1.545166e-06 
1.542308e-06 
1.539459e-06 
1.536618e-06 
1.533784e-06 
1.530958e-06 
1.528140e-06 
1.525329e-06 
1.522527e-06 
1.519732e-06 
1.516944e-06 
1.514165e-06 
1.511392e-06 
1.508628e-06 
1.505871e-06 
1.503121e-06 
1.500379e-06 
1.497644e-06 
1.494917e-06 
1.492197e-06 
1.489485e-06 
1.486780e-06 
1.484082e-06 
1.481392e-06 
1.478709e-06 
1.476033e-06 
1.473364e-06 
1.470702e-06 
1.468048e-06 
1.465401e-06 
1.462761e-06 
1.460128e-06 
1.457502e-06 
1.454883e-06 
1.452271e-06 
1.449666e-06 
1.447068e-06 
1.444477e-06 
1.441894e-06 
1.439317e-06 
1.436748e-06 
1.434185e-06 
1.431630e-06 
1.429081e-06 
1.426538e-06 
1.424003e-06 
1.421474e-06 
1.418952e-06 
1.416437e-06 
1.413928e-06 
1.411426e-06 
1.408931e-06 
1.406442e-06 
1.403959e-06 
1.401484e-06 
1.399014e-06 
1.396552e-06 
1.394095e-06 
1.391645e-06 
1.389202e-06 
1.386765e-06 
1.384334e-06 
1.381910e-06 
1.379492e-06 
1.377080e-06 
1.374675e-06 
1.372276e-06 
1.369883e-06 
1.367496e-06 
1.365116e-06 
1.362742e-06 
1.360374e-06 
1.358012e-06 
1.355656e-06 
1.353306e-06 
1.350962e-06 
1.348625e-06 
1.346293e-06 
1.343968e-06 
1.341648e-06 
1.339334e-06 
1.337027e-06 
1.334725e-06 
1.332429e-06 
1.330139e-06 
1.327855e-06 
1.325577e-06 
1.323305e-06 
1.321038e-06 
1.318778e-06 
1.316523e-06 
1.314273e-06 
1.312030e-06 
1.309792e-06 
1.307560e-06 
1.305334e-06 
1.303113e-06 
1.300898e-06 
1.298688e-06 
1.296485e-06 
1.294286e-06 
1.292093e-06 
1.289906e-06 
1.287725e-06 
1.285548e-06 
1.283378e-06 
1.281213e-06 
1.279053e-06 
1.276898e-06 
1.274750e-06 
1.272606e-06 
1.270468e-06 
1.268335e-06 
1.266208e-06 
1.264086e-06 
1.261969e-06 
1.259857e-06 
1.257751e-06 
1.255650e-06 
1.253554e-06 
1.251464e-06 
1.249379e-06 
1.247298e-06 
1.245224e-06 
1.243154e-06 
1.241089e-06 
1.239029e-06 
1.236975e-06 
1.234926e-06 
1.232881e-06 
1.230842e-06 
1.228808e-06 
1.226779e-06 
1.224755e-06 
1.222735e-06 
1.220721e-06 
1.218712e-06 
1.216708e-06 
1.214708e-06 
1.212714e-06 
1.210724e-06 
1.208739e-06 
1.206759e-06 
1.204784e-06 
1.202814e-06 
1.200849e-06 
1.198888e-06 
1.196932e-06 
1.194981e-06 
1.193035e-06 
1.191093e-06 
1.189156e-06 
1.187224e-06 
1.185297e-06 
1.183374e-06 
1.181456e-06 
1.179542e-06 
1.177633e-06 
1.175729e-06 
1.173829e-06 
1.171934e-06 
1.170044e-06 
1.168158e-06 
1.166276e-06 
1.164399e-06 
1.162527e-06 
1.160659e-06 
1.158796e-06 
1.156937e-06 
1.155082e-06 
1.153232e-06 
1.151386e-06 
1.149545e-06 
1.147708e-06 
1.145876e-06 
1.144048e-06 
1.142224e-06 
1.140405e-06 
1.138590e-06 
1.136779e-06 
1.134973e-06 
1.133171e-06 
1.131373e-06 
1.129579e-06 
1.127790e-06 
1.126005e-06 
1.124224e-06 
1.122447e-06 
1.120675e-06 
1.118908e-06 
1.117144e-06 
1.115384e-06 
1.113629e-06 
1.111878e-06 
1.110131e-06 
1.108388e-06 
1.106649e-06 
1.104914e-06 
1.103183e-06 
1.101456e-06 
1.099734e-06 
1.098015e-06 
1.096300e-06 
1.094590e-06 
1.092883e-06 
1.091180e-06 
1.089482e-06 
1.087787e-06 
1.086096e-06 
1.084409e-06 
1.082726e-06 
1.081047e-06 
1.079372e-06 
1.077700e-06 
1.076033e-06 
1.074369e-06 
1.072710e-06 
1.071054e-06 
1.069402e-06 
1.067753e-06 
1.066109e-06 
1.064468e-06 
1.062831e-06 
1.061198e-06 
1.059569e-06 
1.057943e-06 
1.056321e-06 
1.054703e-06 
1.053088e-06 
1.051477e-06 
1.049870e-06 
1.048267e-06 
1.046667e-06 
1.045071e-06 
1.043478e-06 
1.041889e-06 
1.040304e-06 
1.038722e-06 
1.037144e-06 
1.035570e-06 
1.033999e-06 
1.032431e-06 
1.030867e-06 
1.029307e-06 
1.027750e-06 
1.026197e-06 
1.024647e-06 
1.023101e-06 
1.021558e-06 
1.020019e-06 
1.018483e-06 
1.016951e-06 
1.015422e-06 
1.013897e-06 
1.012375e-06 
1.010856e-06 
1.009341e-06 
1.007829e-06 
1.006320e-06 
1.004815e-06 
1.003314e-06 
1.001815e-06 
1.000320e-06 
9.988286e-07 
9.973402e-07 
9.958552e-07 
9.943735e-07 
9.928951e-07 
9.914199e-07 
9.899480e-07 
9.884794e-07 
9.870141e-07 
9.855520e-07 
9.840931e-07 
9.826375e-07 
9.811851e-07 
9.797359e-07 
9.782899e-07 
9.768471e-07 
9.754074e-07 
9.739710e-07 
9.725377e-07 
9.711075e-07 
9.696805e-07 
9.682566e-07 
9.668359e-07 
9.654183e-07 
9.640038e-07 
9.625923e-07 
9.611840e-07 
9.597788e-07 
9.583766e-07 
9.569775e-07 
9.555814e-07 
9.541884e-07 
9.527984e-07 
9.514115e-07 
9.500275e-07 
9.486466e-07 
9.472687e-07 
9.458937e-07 
9.445218e-07 
9.431528e-07 
9.417868e-07 
9.404238e-07 
9.390637e-07 
9.377065e-07 
9.363523e-07 
9.350010e-07 
9.336526e-07 
9.323071e-07 
9.309645e-07 
9.296249e-07 
9.282880e-07 
9.269541e-07 
9.256231e-07 
9.242948e-07 
9.229695e-07 
9.216470e-07 
9.203273e-07 
9.190104e-07 
9.176964e-07 
9.163852e-07 
9.150768e-07 
9.137711e-07 
9.124683e-07 
9.111682e-07 
9.098709e-07 
9.085764e-07 
9.072846e-07 
9.059956e-07 
9.047093e-07 
9.034257e-07 
9.021449e-07 
9.008667e-07 
8.995913e-07 
8.983186e-07 
8.970486e-07 
8.957812e-07 
8.945166e-07 
8.932546e-07 
8.919953e-07 
8.907386e-07 
8.894846e-07 
8.882332e-07 
8.869844e-07 
8.857383e-07 
8.844948e-07 
8.832539e-07 
8.820156e-07 
8.807799e-07 
8.795469e-07 
8.783165e-07 
8.770887e-07 
8.758635e-07 
8.746408e-07 
8.734207e-07 
8.722032e-07 
8.709881e-07 
8.697757e-07 
8.685657e-07 
8.673582e-07 
8.661533e-07 
8.649509e-07 
8.637509e-07 
8.625535e-07 
8.613585e-07 
8.601660e-07 
8.589760e-07 
8.577885e-07 
8.566034e-07 
8.554207e-07 
8.542405e-07 
8.530628e-07 
8.518874e-07 
8.507145e-07 
8.495440e-07 
8.483759e-07 
8.472102e-07 
8.460469e-07 
8.448860e-07 
8.437275e-07 
8.425714e-07 
8.414176e-07 
8.402662e-07 
8.391171e-07 
8.379704e-07 
8.368261e-07 
8.356840e-07 
8.345444e-07 
8.334070e-07 
8.322720e-07 
8.311392e-07 
8.300088e-07 
8.288807e-07 
8.277549e-07 
8.266313e-07 
8.255101e-07 
8.243911e-07 
8.232744e-07 
8.221599e-07 
8.210477e-07 
8.199378e-07 
8.188301e-07 
8.177246e-07 
8.166214e-07 
8.155204e-07 
8.144216e-07 
8.133250e-07 
8.122307e-07 
8.111385e-07 
8.100486e-07 
8.089608e-07 
8.078752e-07 
8.067918e-07 
8.057106e-07 
8.046316e-07 
8.035547e-07 
8.024799e-07 
8.014074e-07 
8.003369e-07 
7.992686e-07 
7.982025e-07 
7.971384e-07 
7.960765e-07 
7.950167e-07 
7.939590e-07 
7.929034e-07 
7.918499e-07 
7.907986e-07 
7.897493e-07 
7.887020e-07 
7.876569e-07 
7.866138e-07 
7.855728e-07 
7.845339e-07 
7.834970e-07 
7.824622e-07 
7.814294e-07 
7.803987e-07 
7.793699e-07 
7.783433e-07 
7.773186e-07 
7.762960e-07 
7.752753e-07 
7.742567e-07 
7.732401e-07 
7.722255e-07 
7.712129e-07 
7.702022e-07 
7.691936e-07 
7.681869e-07 
7.671822e-07 
7.661794e-07 
7.651787e-07 
7.641798e-07 
7.631830e-07 
7.621880e-07 
7.611950e-07 
7.602040e-07 
7.592149e-07 
7.582277e-07 
7.572424e-07 
7.562591e-07 
7.552776e-07 
7.542981e-07 
7.533204e-07 
7.523447e-07 
7.513709e-07 
7.503989e-07 
7.494288e-07 
7.484606e-07 
7.474943e-07 
7.465298e-07 
7.455672e-07 
7.446065e-07 
7.436476e-07 
7.426905e-07 
7.417353e-07 
7.407820e-07 
7.398304e-07 
7.388807e-07 
7.379329e-07 
7.369868e-07 
7.360426e-07 
7.351002e-07 
7.341595e-07 
7.332207e-07 
7.322837e-07 
7.313485e-07 
7.304150e-07 
7.294834e-07 
7.285535e-07 
7.276254e-07 
7.266990e-07 
7.257745e-07 
7.248517e-07 
7.239306e-07 
7.230113e-07 
7.220938e-07 
7.211779e-07 
7.202639e-07 
7.193515e-07 
7.184409e-07 
7.175320e-07 
7.166249e-07 
7.157194e-07 
7.148157e-07 
7.139137e-07 
7.130134e-07 
7.121147e-07 
7.112178e-07 
7.103226e-07 
7.094290e-07 
7.085372e-07 
7.076470e-07 
7.067585e-07 
7.058716e-07 
7.049864e-07 
7.041029e-07 
7.032211e-07 
7.023409e-07 
7.014623e-07 
7.005854e-07 
6.997101e-07 
6.988365e-07 
6.979645e-07 
6.970941e-07 
6.962254e-07 
6.953583e-07 
6.944928e-07 
6.936289e-07 
6.927666e-07 
6.919059e-07 
6.910469e-07 
6.901895e-07 
6.893337e-07 
6.884795e-07 
6.876268e-07 
6.867758e-07 
6.859263e-07 
6.850784e-07 
6.842321e-07 
6.833873e-07 
6.825441e-07 
6.817024e-07 
6.808623e-07 
6.800238e-07 
6.791868e-07 
6.783513e-07 
6.775174e-07 
6.766850e-07 
6.758542e-07 
6.750248e-07 
6.741970e-07 
6.733708e-07 
6.725460e-07 
6.717227e-07 
6.709010e-07 
6.700808e-07 
6.692620e-07 
6.684448e-07 
6.676290e-07 
6.668148e-07 
6.660020e-07 
6.651907e-07 
6.643809e-07 
6.635726e-07 
6.627658e-07 
6.619604e-07 
6.611564e-07 
6.603540e-07 
6.595530e-07 
6.587534e-07 
6.579554e-07 
6.571587e-07 
6.563635e-07 
6.555697e-07 
6.547774e-07 
6.539865e-07 
6.531971e-07 
6.524090e-07 
6.516224e-07 
6.508372e-07 
6.500535e-07 
6.492711e-07 
6.484902e-07 
6.477106e-07 
6.469325e-07 
6.461558e-07 
6.453804e-07 
6.446065e-07 
6.438339e-07 
6.430627e-07 
6.422929e-07 
6.415245e-07 
6.407575e-07 
6.399919e-07 
6.392276e-07 
6.384646e-07 
6.377031e-07 
6.369429e-07 
6.361840e-07 
6.354266e-07 
6.346704e-07 
6.339156e-07 
6.331622e-07 
6.324101e-07 
6.316593e-07 
6.309099e-07 
6.301618e-07 
6.294150e-07 
6.286696e-07 
6.279255e-07 
6.271827e-07 
6.264412e-07 
6.257010e-07 
6.249621e-07 
6.242246e-07 
6.234883e-07 
6.227534e-07 
6.220197e-07 
6.212873e-07 
6.205563e-07 
6.198265e-07 
6.190980e-07 
6.183708e-07 
6.176448e-07 
6.169202e-07 
6.161968e-07 
6.154747e-07 
6.147538e-07 
6.140343e-07 
6.133159e-07 
6.125989e-07 
6.118831e-07 
6.111685e-07 
6.104552e-07 
6.097431e-07 
6.090323e-07 
6.083228e-07 
6.076144e-07 
6.069073e-07 
6.062015e-07 
6.054968e-07 
6.047934e-07 
6.040912e-07 
6.033903e-07 
6.026905e-07 
6.019920e-07 
6.012947e-07 
6.005986e-07 
5.999036e-07 
5.992100e-07 
5.985175e-07 
5.978262e-07 
5.971361e-07 
5.964471e-07 
5.957594e-07 
5.950729e-07 
5.943875e-07 
5.937034e-07 
5.930204e-07 
5.923386e-07 
5.916580e-07 
5.909785e-07 
5.903002e-07 
5.896231e-07 
5.889471e-07 
5.882723e-07 
5.875987e-07 
5.869262e-07 
5.862549e-07 
5.855847e-07 
5.849157e-07 
5.842478e-07 
5.835811e-07 
5.829155e-07 
5.822510e-07 
5.815877e-07 
5.809255e-07 
5.802644e-07 
5.796045e-07 
5.789457e-07 
5.782880e-07 
5.776314e-07 
5.769759e-07 
5.763216e-07 
5.756684e-07 
5.750162e-07 
5.743652e-07 
5.737153e-07 
5.730665e-07 
5.724188e-07 
5.717722e-07 
5.711266e-07 
5.704822e-07 
5.698389e-07 
5.691966e-07 
5.685555e-07 
5.679154e-07 
5.672764e-07 
5.666384e-07 
5.660016e-07 
5.653658e-07 
5.647311e-07 
5.640974e-07 
5.634648e-07 
5.628333e-07 
5.622029e-07 
5.615735e-07 
5.609451e-07 
5.603178e-07 
5.596916e-07 
5.590664e-07 
5.584422e-07 
5.578191e-07 
5.571971e-07 
5.565761e-07 
5.559561e-07 
5.553371e-07 
5.547192e-07 
5.541023e-07 
5.534864e-07 
5.528716e-07 
5.522578e-07 
5.516450e-07 
5.510332e-07 
5.504225e-07 
5.498127e-07 
5.492040e-07 
5.485963e-07 
5.479896e-07 
5.473838e-07 
5.467791e-07 
5.461754e-07 
5.455727e-07 
5.449710e-07 
5.443703e-07 
5.437706e-07 
5.431718e-07 
5.425741e-07 
5.419773e-07 
5.413815e-07 
5.407867e-07 
5.401929e-07 
5.396001e-07 
5.390082e-07 
5.384173e-07 
5.378274e-07 
5.372384e-07 
5.366504e-07 
5.360634e-07 
5.354773e-07 
5.348922e-07 
5.343081e-07 
5.337249e-07 
5.331427e-07 
5.325614e-07 
5.319810e-07 
5.314016e-07 
5.308232e-07 
5.302457e-07 
5.296691e-07 
5.290935e-07 
5.285188e-07 
5.279451e-07 
5.273723e-07 
5.268004e-07 
5.262294e-07 
5.256594e-07 
5.250903e-07 
5.245221e-07 
5.239548e-07 
5.233885e-07 
5.228231e-07 
5.222586e-07 
5.216950e-07 
5.211323e-07 
5.205705e-07 
5.200096e-07 
5.194497e-07 
5.188906e-07 
5.183324e-07 
5.177752e-07 
5.172188e-07 
5.166633e-07 
5.161088e-07 
5.155551e-07 
5.150023e-07 
5.144504e-07 
5.138994e-07 
5.133493e-07 
5.128001e-07 
5.122517e-07 
5.117042e-07 
5.111576e-07 
5.106119e-07 
5.100670e-07 
5.095230e-07 
5.089799e-07 
5.084377e-07 
5.078963e-07 
5.073558e-07 
5.068161e-07 
5.062773e-07 
5.057394e-07 
5.052023e-07 
5.046661e-07 
5.041307e-07 
5.035961e-07 
5.030625e-07 
5.025296e-07 
5.019976e-07 
5.014665e-07 
5.009362e-07 
5.004067e-07 
4.998781e-07 
4.993503e-07 
4.988234e-07 
4.982973e-07 
4.977720e-07 
4.972475e-07 
4.967239e-07 
4.962011e-07 
4.956791e-07 
4.951579e-07 
4.946376e-07 
4.941181e-07 
4.935994e-07 
4.930815e-07 
4.925644e-07 
4.920482e-07 
4.915327e-07 
4.910181e-07 
4.905043e-07 
4.899912e-07 
4.894790e-07 
4.889676e-07 
4.884570e-07 
4.879471e-07 
4.874381e-07 
4.869299e-07 
4.864225e-07 
4.859158e-07 
4.854100e-07 
4.849049e-07 
4.844006e-07 
4.838971e-07 
4.833944e-07 
4.828925e-07 
4.823914e-07 
4.818910e-07 
4.813914e-07 
4.808926e-07 
4.803946e-07 
4.798973e-07 
4.794008e-07 
4.789050e-07 
4.784101e-07 
4.779159e-07 
4.774224e-07 
4.769298e-07 
4.764379e-07 
4.759467e-07 
4.754563e-07 
4.749667e-07 
4.744778e-07 
4.739897e-07 
4.735023e-07 
4.730157e-07 
4.725298e-07 
4.720447e-07 
4.715603e-07 
4.710767e-07 
4.705938e-07 
4.701117e-07 
4.696303e-07 
4.691496e-07 
4.686697e-07 
4.681905e-07 
4.677120e-07 
4.672343e-07 
4.667573e-07 
4.662810e-07 
4.658055e-07 
4.653306e-07 
4.648566e-07 
4.643832e-07 
4.639106e-07 
4.634386e-07 
4.629674e-07 
4.624969e-07 
4.620272e-07 
4.615581e-07 
4.610898e-07 
4.606222e-07 
4.601552e-07 
4.596890e-07 
4.592235e-07 
4.587588e-07 
4.582947e-07 
4.578313e-07 
4.573687e-07 
4.569067e-07 
4.564454e-07 
4.559849e-07 
4.555250e-07 
4.550658e-07 
4.546073e-07 
4.541495e-07 
4.536924e-07 
4.532360e-07 
4.527803e-07 
4.523253e-07 
4.518709e-07 
4.514173e-07 
4.509643e-07 
4.505120e-07 
4.500604e-07 
4.496094e-07 
4.491592e-07 
4.487096e-07 
4.482607e-07 
4.478124e-07 
4.473649e-07 
4.469180e-07 
4.464717e-07 
4.460262e-07 
4.455813e-07 
4.451370e-07 
4.446935e-07 
4.442506e-07 
4.438083e-07 
4.433668e-07 
4.429258e-07 
4.424856e-07 
4.420460e-07 
4.416070e-07 
4.411687e-07 
4.407310e-07 
4.402940e-07 
4.398577e-07 
4.394220e-07 
4.389869e-07 
4.385525e-07 
4.381188e-07 
4.376856e-07 
4.372532e-07 
4.368213e-07 
4.363901e-07 
4.359596e-07 
4.355296e-07 
4.351004e-07 
4.346717e-07 
4.342437e-07 
4.338163e-07 
4.333895e-07 
4.329634e-07 
4.325379e-07 
4.321130e-07 
4.316888e-07 
4.312651e-07 
4.308421e-07 
4.304198e-07 
4.299980e-07 
4.295769e-07 
4.291563e-07 
4.287364e-07 
4.283171e-07 
4.278985e-07 
4.274804e-07 
4.270630e-07 
4.266461e-07 
4.262299e-07 
4.258143e-07 
4.253993e-07 
4.249849e-07 
4.245711e-07 
4.241579e-07 
4.237453e-07 
4.233333e-07 
4.229219e-07 
4.225111e-07 
4.221009e-07 
4.216913e-07 
4.212823e-07 
4.208739e-07 
4.204661e-07 
4.200589e-07 
4.196522e-07 
4.192462e-07 
4.188407e-07 
4.184359e-07 
4.180316e-07 
4.176279e-07 
4.172248e-07 
4.168223e-07 
4.164203e-07 
4.160190e-07 
4.156182e-07 
4.152180e-07 
4.148184e-07 
4.144193e-07 
4.140209e-07 
4.136230e-07 
4.132256e-07 
4.128289e-07 
4.124327e-07 
4.120371e-07 
4.116420e-07 
4.112475e-07 
4.108536e-07 
4.104603e-07 
4.100675e-07 
4.096753e-07 
4.092836e-07 
4.088925e-07 
4.085020e-07 
4.081120e-07 
4.077226e-07 
4.073337e-07 
4.069454e-07 
4.065577e-07 
4.061705e-07 
4.057838e-07 
4.053977e-07 
4.050122e-07 
4.046272e-07 
4.042427e-07 
4.038589e-07 
4.034755e-07 
4.030927e-07 
4.027104e-07 
4.023287e-07 
4.019475e-07 
4.015669e-07 
4.011868e-07 
4.008073e-07 
4.004283e-07 
4.000498e-07 
3.996718e-07 
3.992944e-07 
3.989176e-07 
3.985412e-07 
3.981654e-07 
3.977901e-07 
3.974154e-07 
3.970412e-07 
3.966675e-07 
3.962943e-07 
3.959217e-07 
3.955496e-07 
3.951780e-07 
3.948069e-07 
3.944364e-07 
3.940664e-07 
3.936969e-07 
3.933279e-07 
3.929594e-07 
3.925915e-07 
3.922241e-07 
3.918572e-07 
3.914908e-07 
3.911249e-07 
3.907595e-07 
3.903947e-07 
3.900303e-07 
3.896665e-07 
3.893032e-07 
3.889403e-07 
3.885780e-07 
3.882162e-07 
3.878549e-07 
3.874941e-07 
3.871338e-07 
3.867740e-07 
3.864147e-07 
3.860559e-07 
3.856976e-07 
3.853398e-07 
3.849826e-07 
3.846258e-07 
3.842694e-07 
3.839136e-07 
3.835583e-07 
3.832035e-07 
3.828492e-07 
3.824953e-07 
3.821420e-07 
3.817891e-07 
3.814367e-07 
3.810849e-07 
3.807335e-07 
3.803826e-07 
3.800321e-07 
3.796822e-07 
3.793327e-07 
3.789838e-07 
3.786353e-07 
3.782872e-07 
3.779397e-07 
3.775926e-07 
3.772461e-07 
3.769000e-07 
3.765543e-07 
3.762092e-07 
3.758645e-07 
3.755203e-07 
3.751766e-07 
3.748333e-07 
3.744905e-07 
3.741482e-07 
3.738064e-07 
3.734650e-07 
3.731241e-07 
3.727836e-07 
3.724436e-07 
3.721041e-07 
3.717651e-07 
3.714265e-07 
3.710883e-07 
3.707507e-07 
3.704135e-07 
3.700767e-07 
3.697404e-07 
3.694046e-07 
3.690692e-07 
3.687343e-07 
3.683999e-07 
3.680658e-07 
3.677323e-07 
3.673992e-07 
3.670666e-07 
3.667344e-07 
3.664026e-07 
3.660713e-07 
3.657405e-07 
3.654101e-07 
3.650801e-07 
3.647506e-07 
3.644216e-07 
3.640930e-07 
3.637648e-07 
3.634371e-07 
3.631098e-07 
3.627829e-07 
3.624565e-07 
3.621306e-07 
3.618051e-07 
3.614800e-07 
3.611553e-07 
3.608311e-07 
3.605074e-07 
3.601840e-07 
3.598611e-07 
3.595387e-07 
3.592166e-07 
3.588950e-07 
3.585739e-07 
3.582531e-07 
3.579328e-07 
3.576130e-07 
3.572935e-07 
3.569745e-07 
3.566559e-07 
3.563377e-07 
3.560200e-07 
3.557027e-07 
3.553858e-07 
3.550693e-07 
3.547533e-07 
3.544376e-07 
3.541224e-07 
3.538077e-07 
3.534933e-07 
3.531793e-07 
3.528658e-07 
3.525527e-07 
3.522400e-07 
3.519277e-07 
3.516159e-07 
3.513044e-07 
3.509934e-07 
3.506828e-07 
3.503726e-07 
3.500628e-07 
3.497534e-07 
3.494444e-07 
3.491358e-07 
3.488277e-07 
3.485199e-07 
3.482126e-07 
3.479056e-07 
3.475991e-07 
3.472930e-07 
3.469872e-07 
3.466819e-07 
3.463770e-07 
3.460725e-07 
3.457684e-07 
3.454646e-07 
3.451613e-07 
3.448584e-07 
3.445559e-07 
3.442538e-07 
3.439521e-07 
3.436507e-07 
3.433498e-07 
3.430493e-07 
3.427491e-07 
3.424494e-07 
3.421500e-07 
3.418511e-07 
3.415525e-07 
3.412543e-07 
3.409565e-07 
3.406591e-07 
3.403621e-07 
3.400655e-07 
3.397693e-07 
3.394734e-07 
3.391780e-07 
3.388829e-07 
3.385882e-07 
3.382939e-07 
3.380000e-07 
3.377064e-07 
3.374133e-07 
3.371205e-07 
3.368281e-07 
3.365361e-07 
3.362444e-07 
3.359532e-07 
3.356623e-07 
3.353718e-07 
3.350817e-07 
3.347919e-07 
3.345026e-07 
3.342136e-07 
3.339249e-07 
3.336367e-07 
3.333488e-07 
3.330613e-07 
3.327742e-07 
3.324874e-07 
3.322010e-07 
3.319150e-07 
3.316293e-07 
3.313441e-07 
3.310591e-07 
3.307746e-07 
3.304904e-07 
3.302066e-07 
3.299231e-07 
3.296401e-07 
3.293573e-07 
3.290750e-07 
3.287930e-07 
3.285114e-07 
3.282301e-07 
3.279492e-07 
3.276686e-07 
3.273884e-07 
3.271086e-07 
3.268291e-07 
3.265500e-07 
3.262713e-07 
3.259929e-07 
3.257148e-07 
3.254371e-07 
3.251598e-07 
3.248828e-07 
3.246062e-07 
3.243299e-07 
3.240540e-07 
3.237784e-07 
3.235032e-07 
3.232284e-07 
3.229538e-07 
3.226797e-07 
3.224059e-07 
3.221324e-07 
3.218593e-07 
3.215865e-07 
3.213141e-07 
3.210420e-07 
3.207703e-07 
3.204989e-07 
3.202278e-07 
3.199571e-07 
3.196868e-07 
3.194167e-07 
3.191471e-07 
3.188777e-07 
3.186087e-07 
3.183401e-07 
3.180718e-07 
3.178038e-07 
3.175362e-07 
3.172689e-07 
3.170019e-07 
3.167353e-07 
3.164690e-07 
3.162030e-07 
3.159374e-07 
3.156721e-07 
3.154072e-07 
3.151426e-07 
3.148783e-07 
3.146144e-07 
3.143507e-07 
3.140875e-07 
3.138245e-07 
3.135619e-07 
3.132996e-07 
3.130376e-07 
3.127760e-07 
3.125147e-07 
3.122537e-07 
3.119930e-07 
3.117327e-07 
3.114727e-07 
3.112130e-07 
3.109536e-07 
3.106946e-07 
3.104359e-07 
3.101775e-07 
3.099195e-07 
3.096617e-07 
3.094043e-07 
3.091472e-07 
3.088904e-07 
3.086340e-07 
3.083778e-07 
3.081220e-07 
3.078665e-07 
3.076113e-07 
3.073564e-07 
3.071019e-07 
3.068477e-07 
3.065937e-07 
3.063401e-07 
3.060868e-07 
3.058339e-07 
3.055812e-07 
3.053289e-07 
3.050768e-07 
3.048251e-07 
3.045737e-07 
3.043226e-07 
3.040718e-07 
3.038213e-07 
3.035711e-07 
3.033213e-07 
3.030717e-07 
3.028225e-07 
3.025735e-07 
3.023249e-07 
3.020766e-07 
3.018285e-07 
3.015808e-07 
3.013334e-07 
3.010863e-07 
3.008395e-07 
3.005930e-07 
3.003468e-07 
3.001009e-07 
2.998553e-07 
2.996100e-07 
2.993650e-07 
2.991203e-07 
2.988760e-07 
2.986319e-07 
2.983881e-07 
2.981446e-07 
2.979014e-07 
2.976585e-07 
2.974159e-07 
2.971736e-07 
2.969316e-07 
2.966898e-07 
2.964484e-07 
2.962073e-07 
2.959665e-07 
2.957259e-07 
2.954857e-07 
2.952457e-07 
2.950061e-07 
2.947667e-07 
2.945276e-07 
2.942888e-07 
2.940503e-07 
2.938121e-07 
2.935742e-07 
2.933366e-07 
2.930992e-07 
2.928622e-07 
2.926254e-07 
2.923889e-07 
2.921527e-07 
2.919168e-07 
2.916812e-07 
2.914459e-07 
2.912108e-07 
2.909761e-07 
2.907416e-07 
2.905074e-07 
2.902735e-07 
2.900398e-07 
2.898065e-07 
2.895734e-07 
2.893406e-07 
2.891081e-07 
2.888759e-07 
2.886439e-07 
2.884123e-07 
2.881809e-07 
2.879498e-07 
2.877189e-07 
2.874884e-07 
2.872581e-07 
2.870281e-07 
2.867984e-07 
2.865689e-07 
2.863397e-07 
2.861108e-07 
2.858822e-07 
2.856539e-07 
2.854258e-07 
2.851980e-07 
2.849704e-07 
2.847432e-07 
2.845162e-07 
2.842895e-07 
2.840630e-07 
2.838368e-07 
2.836109e-07 
2.833853e-07 
2.831599e-07 
2.829348e-07 
2.827100e-07 
2.824854e-07 
2.822611e-07 
2.820371e-07 
2.818133e-07 
2.815898e-07 
2.813666e-07 
2.811436e-07 
2.809209e-07 
2.806985e-07 
2.804763e-07 
2.802544e-07 
2.800328e-07 
2.798114e-07 
2.795903e-07 
2.793694e-07 
2.791488e-07 
2.789285e-07 
2.787084e-07 
2.784886e-07 
2.782690e-07 
2.780497e-07 
2.778307e-07 
2.776119e-07 
2.773934e-07 
2.771752e-07 
2.769572e-07 
2.767394e-07 
2.765219e-07 
2.763047e-07 
2.760877e-07 
2.758710e-07 
2.756545e-07 
2.754383e-07 
2.752223e-07 
2.750066e-07 
2.747912e-07 
2.745760e-07 
2.743611e-07 
2.741464e-07 
2.739319e-07 
2.737177e-07 
2.735038e-07 
2.732901e-07 
2.730767e-07 
2.728635e-07 
2.726505e-07 
2.724379e-07 
2.722254e-07 
2.720132e-07 
2.718013e-07 
2.715896e-07 
2.713781e-07 
2.711669e-07 
2.709560e-07 
2.707453e-07 
2.705348e-07 
2.703246e-07 
2.701146e-07 
2.699049e-07 
2.696954e-07 
2.694862e-07 
2.692772e-07 
2.690684e-07 
2.688599e-07 
2.686516e-07 
2.684436e-07 
2.682358e-07 
2.680283e-07 
2.678210e-07 
2.676139e-07 
2.674071e-07 
2.672005e-07 
2.669942e-07 
2.667881e-07 
2.665822e-07 
2.663766e-07 
2.661712e-07 
2.659660e-07 
2.657611e-07 
2.655564e-07 
2.653520e-07 
2.651478e-07 
2.649438e-07 
2.647401e-07 
2.645366e-07 
2.643333e-07 
2.641303e-07 
2.639275e-07 
2.637249e-07 
2.635226e-07 
2.633205e-07 
2.631186e-07 
2.629170e-07 
2.627156e-07 
2.625144e-07 
2.623135e-07 
2.621128e-07 
2.619123e-07 
2.617120e-07 
2.615120e-07 
2.613122e-07 
2.611127e-07 
2.609133e-07 
2.607142e-07 
2.605153e-07 
2.603167e-07 
2.601183e-07 
2.599201e-07 
2.597221e-07 
2.595244e-07 
2.593268e-07 
2.591296e-07 
2.589325e-07 
2.587356e-07 
2.585390e-07 
2.583426e-07 
2.581465e-07 
2.579505e-07 
2.577548e-07 
2.575593e-07 
2.573640e-07 
2.571690e-07 
2.569741e-07 
2.567795e-07 
2.565851e-07 
2.563909e-07 
2.561970e-07 
2.560033e-07 
2.558097e-07 
2.556165e-07 
2.554234e-07 
2.552305e-07 
2.550379e-07 
2.548455e-07 
2.546533e-07 
2.544613e-07 
2.542695e-07 
2.540780e-07 
2.538866e-07 
2.536955e-07 
2.535046e-07 
2.533139e-07 
2.531235e-07 
2.529332e-07 
2.527432e-07 
2.525533e-07 
2.523637e-07 
2.521743e-07 
2.519851e-07 
2.517962e-07 
2.516074e-07 
2.514188e-07 
2.512305e-07 
2.510424e-07 
2.508545e-07 
2.506668e-07 
2.504793e-07 
2.502920e-07 
2.501049e-07 
2.499180e-07 
2.497314e-07 
2.495449e-07 
2.493587e-07 
2.491727e-07 
2.489869e-07 
2.488012e-07 
2.486158e-07 
2.484306e-07 
2.482457e-07 
2.480609e-07 
2.478763e-07 
2.476919e-07 
2.475078e-07 
2.473238e-07 
2.471400e-07 
2.469565e-07 
2.467731e-07 
2.465900e-07 
2.464071e-07 
2.462243e-07 
2.460418e-07 
2.458595e-07 
2.456773e-07 
2.454954e-07 
2.453137e-07 
2.451322e-07 
2.449508e-07 
2.447697e-07 
2.445888e-07 
2.444081e-07 
2.442276e-07 
2.440473e-07 
2.438671e-07 
2.436872e-07 
2.435075e-07 
2.433280e-07 
2.431487e-07 
2.429695e-07 
2.427906e-07 
2.426119e-07 
2.424334e-07 
2.422550e-07 
2.420769e-07 
2.418989e-07 
2.417212e-07 
2.415437e-07 
2.413663e-07 
2.411891e-07 
2.410122e-07 
2.408354e-07 
2.406588e-07 
2.404825e-07 
2.403063e-07 
2.401303e-07 
2.399545e-07 
2.397789e-07 
2.396035e-07 
2.394282e-07 
2.392532e-07 
2.390784e-07 
2.389037e-07 
2.387293e-07 
2.385550e-07 
2.383809e-07 
2.382071e-07 
2.380334e-07 
2.378599e-07 
2.376865e-07 
2.375134e-07 
2.373405e-07 
2.371677e-07 
2.369952e-07 
2.368228e-07 
2.366506e-07 
2.364786e-07 
2.363068e-07 
2.361352e-07 
2.359638e-07 
2.357925e-07 
2.356215e-07 
2.354506e-07 
2.352799e-07 
2.351094e-07 
2.349391e-07 
2.347690e-07 
2.345990e-07 
2.344293e-07 
2.342597e-07 
2.340903e-07 
2.339211e-07 
2.337521e-07 
2.335832e-07 
2.334146e-07 
2.332461e-07 
2.330778e-07 
2.329097e-07 
2.327417e-07 
2.325740e-07 
2.324064e-07 
2.322390e-07 
2.320718e-07 
2.319048e-07 
2.317380e-07 
2.315713e-07 
2.314048e-07 
2.312385e-07 
2.310724e-07 
2.309064e-07 
2.307407e-07 
2.305751e-07 
2.304096e-07 
2.302444e-07 
2.300794e-07 
2.299145e-07 
2.297498e-07 
2.295852e-07 
2.294209e-07 
2.292567e-07 
2.290927e-07 
2.289289e-07 
2.287653e-07 
2.286018e-07 
2.284385e-07 
2.282754e-07 
2.281124e-07 
2.279497e-07 
2.277871e-07 
2.276246e-07 
2.274624e-07 
2.273003e-07 
2.271384e-07 
2.269767e-07 
2.268151e-07 
2.266538e-07 
2.264925e-07 
2.263315e-07 
2.261706e-07 
2.260099e-07 
2.258494e-07 
2.256891e-07 
2.255289e-07 
2.253689e-07 
2.252090e-07 
2.250493e-07 
2.248898e-07 
2.247305e-07 
2.245713e-07 
2.244123e-07 
2.242535e-07 
2.240949e-07 
2.239364e-07 
2.237781e-07 
2.236199e-07 
2.234619e-07 
2.233041e-07 
2.231464e-07 
2.229890e-07 
2.228316e-07 
2.226745e-07 
2.225175e-07 
2.223607e-07 
2.222040e-07 
2.220475e-07 
2.218912e-07 
2.217351e-07 
2.215791e-07 
2.214232e-07 
2.212676e-07 
2.211121e-07 
2.209567e-07 
2.208016e-07 
2.206466e-07 
2.204917e-07 
2.203370e-07 
2.201825e-07 
2.200282e-07 
2.198740e-07 
2.197199e-07 
2.195661e-07 
2.194123e-07 
2.192588e-07 
2.191054e-07 
2.189522e-07 
2.187991e-07 
2.186462e-07 
2.184935e-07 
2.183409e-07 
2.181885e-07 
2.180362e-07 
2.178841e-07 
2.177321e-07 
2.175803e-07 
2.174287e-07 
2.172772e-07 
2.171259e-07 
2.169748e-07 
2.168238e-07 
2.166729e-07 
2.165223e-07 
2.163717e-07 
2.162214e-07 
2.160712e-07 
2.159211e-07 
2.157712e-07 
2.156215e-07 
2.154719e-07 
2.153224e-07 
2.151732e-07 
2.150241e-07 
2.148751e-07 
2.147263e-07 
2.145776e-07 
2.144291e-07 
2.142808e-07 
2.141326e-07 
2.139845e-07 
2.138367e-07 
2.136889e-07 
2.135413e-07 
2.133939e-07 
2.132466e-07 
2.130995e-07 
2.129525e-07 
2.128057e-07 
2.126591e-07 
2.125125e-07 
2.123662e-07 
2.122200e-07 
2.120739e-07 
2.119280e-07 
2.117822e-07 
2.116366e-07 
2.114912e-07 
2.113459e-07 
2.112007e-07 
2.110557e-07 
2.109108e-07 
2.107661e-07 
2.106216e-07 
2.104771e-07 
2.103329e-07 
2.101888e-07 
2.100448e-07 
2.099010e-07 
2.097573e-07 
2.096138e-07 
2.094704e-07 
2.093272e-07 
2.091841e-07 
2.090411e-07 
2.088984e-07 
2.087557e-07 
2.086132e-07 
2.084709e-07 
2.083286e-07 
2.081866e-07 
2.080447e-07 
2.079029e-07 
2.077613e-07 
2.076198e-07 
2.074784e-07 
2.073373e-07 
2.071962e-07 
2.070553e-07 
2.069145e-07 
2.067739e-07 
2.066334e-07 
2.064931e-07 
2.063529e-07 
2.062129e-07 
2.060730e-07 
2.059332e-07 
2.057936e-07 
2.056541e-07 
2.055148e-07 
2.053756e-07 
2.052365e-07 
2.050976e-07 
2.049589e-07 
2.048202e-07 
2.046817e-07 
2.045434e-07 
2.044052e-07 
2.042671e-07 
2.041292e-07 
2.039914e-07 
2.038537e-07 
2.037162e-07 
2.035789e-07 
2.034416e-07 
2.033045e-07 
2.031676e-07 
2.030308e-07 
2.028941e-07 
2.027576e-07 
2.026212e-07 
2.024849e-07 
2.023488e-07 
2.022128e-07 
2.020769e-07 
2.019412e-07 
2.018056e-07 
2.016702e-07 
2.015349e-07 
2.013997e-07 
2.012647e-07 
2.011298e-07 
2.009950e-07 
2.008604e-07 
2.007259e-07 
2.005915e-07 
2.004573e-07 
2.003232e-07 
2.001893e-07 
2.000555e-07 
1.999218e-07 
1.997882e-07 
3.467178e-05 
3.343629e-05 
3.225665e-05 
3.112138e-05 
3.003674e-05 
2.899999e-05 
2.800859e-05 
2.706015e-05 
2.615241e-05 
2.528328e-05 
2.445077e-05 
2.365302e-05 
2.288828e-05 
2.215490e-05 
2.145132e-05 
2.077610e-05 
2.012783e-05 
1.950524e-05 
1.890708e-05 
1.833221e-05 
1.777952e-05 
1.724799e-05 
1.673662e-05 
1.623696e-05 
1.575618e-05 
1.529342e-05 
1.484787e-05 
1.441875e-05 
1.400533e-05 
1.360693e-05 
1.322288e-05 
1.285256e-05 
1.249538e-05 
1.215077e-05 
1.181820e-05 
1.149717e-05 
1.118719e-05 
1.088780e-05 
1.059857e-05 
1.031907e-05 
1.004893e-05 
9.787742e-06 
9.535167e-06 
9.290857e-06 
9.054485e-06 
8.825741e-06 
8.604327e-06 
8.389959e-06 
8.182367e-06 
7.981292e-06 
7.786487e-06 
7.597715e-06 
7.414752e-06 
7.237381e-06 
7.065396e-06 
6.898599e-06 
6.736801e-06 
6.579822e-06 
6.427487e-06 
6.279631e-06 
6.136094e-06 
5.996725e-06 
5.861376e-06 
5.728255e-06 
5.598965e-06 
5.473372e-06 
5.351350e-06 
5.232775e-06 
5.117531e-06 
5.005504e-06 
4.896586e-06 
4.790673e-06 
4.687664e-06 
4.587464e-06 
4.489980e-06 
4.395123e-06 
4.302808e-06 
4.212952e-06 
4.125476e-06 
4.040304e-06 
3.957364e-06 
3.876583e-06 
3.797895e-06 
3.721234e-06 
3.646536e-06 
3.573742e-06 
3.502792e-06 
3.433629e-06 
3.366201e-06 
3.300453e-06 
3.236336e-06 
3.173800e-06 
3.112798e-06 
3.053286e-06 
2.995218e-06 
2.938553e-06 
2.883249e-06 
2.829268e-06 
2.776570e-06 
2.725119e-06 
2.674879e-06 
2.625817e-06 
2.577897e-06 
2.530513e-06 
2.484232e-06 
2.439024e-06 
2.394860e-06 
2.351709e-06 
2.309544e-06 
2.268338e-06 
2.228064e-06 
2.188697e-06 
2.150212e-06 
2.112585e-06 
2.075793e-06 
2.039815e-06 
2.004627e-06 
1.970209e-06 
1.936542e-06 
1.903604e-06 
1.871377e-06 
1.839842e-06 
1.808982e-06 
1.778778e-06 
1.749215e-06 
1.720275e-06 
1.691943e-06 
1.664204e-06 
1.637041e-06 
1.610442e-06 
1.584391e-06 
1.558875e-06 
1.533882e-06 
1.509397e-06 
1.485408e-06 
1.461903e-06 
1.438871e-06 
1.416300e-06 
1.394178e-06 
1.372496e-06 
1.351242e-06 
1.330405e-06 
1.309978e-06 
1.289948e-06 
1.270308e-06 
1.251048e-06 
1.232158e-06 
1.213631e-06 
1.195459e-06 
1.177632e-06 
1.160143e-06 
1.142984e-06 
1.126147e-06 
1.109626e-06 
1.093413e-06 
1.077501e-06 
1.061884e-06 
1.046554e-06 
1.031506e-06 
1.016733e-06 
1.002229e-06 
9.879878e-07 
9.740041e-07 
9.602722e-07 
9.467865e-07 
9.335416e-07 
9.205324e-07 
9.077539e-07 
8.952009e-07 
8.828688e-07 
8.707528e-07 
8.588484e-07 
8.471510e-07 
8.356563e-07 
8.243601e-07 
8.132581e-07 
8.023464e-07 
7.916211e-07 
7.810781e-07 
7.707139e-07 
7.605247e-07 
7.505069e-07 
7.406571e-07 
7.309718e-07 
7.214478e-07 
7.120817e-07 
7.028704e-07 
6.938108e-07 
6.848998e-07 
6.761346e-07 
6.675121e-07 
6.590297e-07 
6.506845e-07 
6.424739e-07 
6.343952e-07 
6.264459e-07 
6.186234e-07 
6.109253e-07 
6.033492e-07 
5.958928e-07 
5.885537e-07 
5.813298e-07 
5.742188e-07 
5.671462e-07 
5.601843e-07 
5.533310e-07 
5.465843e-07 
5.399423e-07 
5.334029e-07 
5.269641e-07 
5.206243e-07 
5.143814e-07 
5.082338e-07 
5.021796e-07 
4.962172e-07 
4.903448e-07 
4.845608e-07 
4.788637e-07 
4.732517e-07 
4.677235e-07 
4.622774e-07 
4.569120e-07 
4.516259e-07 
4.464176e-07 
4.412858e-07 
4.362290e-07 
4.312460e-07 
4.263355e-07 
4.214962e-07 
4.167268e-07 
4.120261e-07 
4.073929e-07 
4.028261e-07 
3.983245e-07 
3.938869e-07 
3.895123e-07 
3.851996e-07 
3.809477e-07 
3.767556e-07 
3.726223e-07 
3.685467e-07 
3.645280e-07 
3.605650e-07 
3.566570e-07 
3.528030e-07 
3.490020e-07 
3.452532e-07 
3.415558e-07 
3.379088e-07 
3.343114e-07 
3.307629e-07 
3.272624e-07 
3.238091e-07 
3.204023e-07 
3.170412e-07 
3.137251e-07 
3.104532e-07 
3.072248e-07 
3.040393e-07 
3.008959e-07 
2.977939e-07 
2.947327e-07 
2.917117e-07 
2.887302e-07 
2.857876e-07 
2.828832e-07 
2.800165e-07 
2.771869e-07 
2.743938e-07 
2.716366e-07 
2.689147e-07 
2.662277e-07 
2.635750e-07 
2.609560e-07 
2.583703e-07 
2.558172e-07 
2.532964e-07 
2.508073e-07 
2.483494e-07 
2.459223e-07 
2.435255e-07 
2.411586e-07 
2.388210e-07 
2.365124e-07 
2.342323e-07 
2.319803e-07 
2.297560e-07 
2.275589e-07 
2.253887e-07 
2.232449e-07 
2.211272e-07 
2.190352e-07 
2.169684e-07 
2.149266e-07 
2.129094e-07 
2.109164e-07 
2.089473e-07 
2.070016e-07 
2.050792e-07 
2.031795e-07 
2.013024e-07 
1.994475e-07 
1.976144e-07 
1.957905e-07 
1.939881e-07 
1.922069e-07 
1.904466e-07 
1.887070e-07 
1.869876e-07 
1.852883e-07 
1.836087e-07 
1.819485e-07 
1.803076e-07 
1.786856e-07 
1.770823e-07 
1.754973e-07 
1.739305e-07 
1.723816e-07 
1.708504e-07 
1.693365e-07 
1.678398e-07 
1.663601e-07 
1.648970e-07 
1.634504e-07 
1.620200e-07 
1.606057e-07 
1.592072e-07 
1.578242e-07 
1.564567e-07 
1.551043e-07 
1.537668e-07 
1.524442e-07 
1.511361e-07 
1.498424e-07 
1.485629e-07 
1.472973e-07 
1.460456e-07 
1.448075e-07 
1.435829e-07 
1.423715e-07 
1.411732e-07 
1.399879e-07 
1.388153e-07 
1.376553e-07 
1.365077e-07 
1.353723e-07 
1.342491e-07 
1.331379e-07 
1.320384e-07 
1.309506e-07 
1.298742e-07 
1.288092e-07 
1.277554e-07 
1.267127e-07 
1.256809e-07 
1.246598e-07 
1.236494e-07 
1.226496e-07 
1.216600e-07 
1.206808e-07 
1.197116e-07 
1.187525e-07 
1.178032e-07 
1.168636e-07 
1.159337e-07 
1.150132e-07 
1.141022e-07 
6.733209e-07 
6.682306e-07 
6.631896e-07 
6.581974e-07 
6.532533e-07 
6.483567e-07 
6.435072e-07 
6.387040e-07 
6.339467e-07 
6.292347e-07 
6.245675e-07 
6.199445e-07 
6.153652e-07 
6.108291e-07 
6.063356e-07 
6.018844e-07 
5.974748e-07 
5.931065e-07 
5.887788e-07 
5.844914e-07 
5.802437e-07 
5.760354e-07 
5.718659e-07 
5.677348e-07 
5.636417e-07 
5.595861e-07 
5.555675e-07 
5.515857e-07 
5.476401e-07 
5.437304e-07 
5.398560e-07 
5.360167e-07 
5.322121e-07 
5.284417e-07 
5.247051e-07 
5.210021e-07 
5.173321e-07 
5.136949e-07 
5.100900e-07 
5.065172e-07 
5.029760e-07 
4.994661e-07 
4.959872e-07 
4.925389e-07 
4.891209e-07 
4.857328e-07 
4.823744e-07 
4.790453e-07 
4.757452e-07 
4.724737e-07 
4.692306e-07 
4.660156e-07 
4.628283e-07 
4.596684e-07 
4.565358e-07 
4.534300e-07 
4.503507e-07 
4.472978e-07 
4.442709e-07 
4.412697e-07 
4.382941e-07 
4.353436e-07 
4.324180e-07 
4.295172e-07 
4.266407e-07 
4.237884e-07 
4.209601e-07 
4.181553e-07 
4.153740e-07 
4.126159e-07 
4.098807e-07 
4.071682e-07 
4.044782e-07 
4.018104e-07 
3.991646e-07 
3.965406e-07 
3.939382e-07 
3.913570e-07 
3.887970e-07 
3.862580e-07 
3.837396e-07 
3.812417e-07 
3.787640e-07 
3.763065e-07 
3.738688e-07 
3.714508e-07 
3.690523e-07 
3.666731e-07 
3.643129e-07 
3.619717e-07 
3.596492e-07 
3.573452e-07 
3.550595e-07 
3.527921e-07 
3.505426e-07 
3.483109e-07 
3.460969e-07 
3.439003e-07 
3.417211e-07 
3.395589e-07 
3.374138e-07 
3.352854e-07 
3.331737e-07 
3.310784e-07 
3.289995e-07 
3.269367e-07 
3.248899e-07 
3.228590e-07 
3.208438e-07 
3.188442e-07 
3.168599e-07 
3.148909e-07 
3.129370e-07 
3.109981e-07 
3.090740e-07 
3.071646e-07 
3.052698e-07 
3.033894e-07 
3.015232e-07 
2.996712e-07 
2.978332e-07 
2.960092e-07 
2.941988e-07 
2.924021e-07 
2.906189e-07 
2.888491e-07 
2.870925e-07 
2.853491e-07 
2.836187e-07 
2.819012e-07 
2.801964e-07 
2.785043e-07 
2.768248e-07 
2.751577e-07 
2.735029e-07 
2.718603e-07 
2.702293e-07 
2.686104e-07 
2.670034e-07 
2.654081e-07 
2.638246e-07 
2.622526e-07 
2.606921e-07 
2.591431e-07 
2.576053e-07 
2.560788e-07 
2.545633e-07 
2.530589e-07 
2.515654e-07 
2.500828e-07 
2.486109e-07 
2.471496e-07 
2.456989e-07 
2.442587e-07 
2.428289e-07 
2.414093e-07 
2.400000e-07 
2.386008e-07 
2.372117e-07 
2.358325e-07 
2.344632e-07 
2.331037e-07 
2.317539e-07 
2.304137e-07 
2.290831e-07 
2.277620e-07 
2.264503e-07 
2.251478e-07 
2.238547e-07 
2.225707e-07 
2.212957e-07 
2.200298e-07 
2.187729e-07 
2.175248e-07 
2.162855e-07 
2.150549e-07 
2.138329e-07 
2.126196e-07 
2.114147e-07 
2.102183e-07 
2.090303e-07 
2.078506e-07 
2.066791e-07 
2.055158e-07 
2.043606e-07 
2.032134e-07 
2.020742e-07 
2.009429e-07 
1.998194e-07 
1.987037e-07 
1.975958e-07 
1.964954e-07 
1.954027e-07 
1.943175e-07 
1.932398e-07 
1.921695e-07 
1.911066e-07 
1.900509e-07 
1.890025e-07 
1.879612e-07 
1.869271e-07 
1.859000e-07 
1.848800e-07 
1.838669e-07 
1.828606e-07 
1.818613e-07 
1.808687e-07 
1.798828e-07 
1.789036e-07 
1.779311e-07 
1.769651e-07 
1.760056e-07 
1.750526e-07 
1.741061e-07 
1.731659e-07 
1.722320e-07 
1.713044e-07 
1.703830e-07 
1.694677e-07 
1.685586e-07 
1.676556e-07 
1.667586e-07 
1.658676e-07 
1.649825e-07 
1.641033e-07 
1.632299e-07 
1.623623e-07 
1.615005e-07 
1.606444e-07 
1.597939e-07 
1.589491e-07 
1.581098e-07 
1.572761e-07 
1.564479e-07 
1.556251e-07 
1.548077e-07 
1.539956e-07 
1.531889e-07 
1.523875e-07 
1.515913e-07 
1.508003e-07 
1.500145e-07 
1.492338e-07 
1.484581e-07 
1.476875e-07 
1.469220e-07 
1.461613e-07 
1.454056e-07 
1.446548e-07 
1.439089e-07 
1.431678e-07 
1.424314e-07 
1.416998e-07 
1.409729e-07 
1.402507e-07 
1.395331e-07 
1.388201e-07 
1.381117e-07 
1.374078e-07 
1.367084e-07 
1.360135e-07 
1.353230e-07 
1.346369e-07 
1.339551e-07 
1.332777e-07 
1.326046e-07 
1.319358e-07 
1.312712e-07 
1.306108e-07 
1.299546e-07 
1.293025e-07 
1.286546e-07 
1.280107e-07 
1.273708e-07 
1.267350e-07 
1.261032e-07 
1.254754e-07 
1.248514e-07 
1.242314e-07 
1.236153e-07 
1.230030e-07 
1.223945e-07 
1.217898e-07 
1.211888e-07 
1.205916e-07 
1.199982e-07 
1.194083e-07 
1.188222e-07 
1.182396e-07 
1.176607e-07 
1.170854e-07 
1.165135e-07 
1.159452e-07 
1.153805e-07 
1.148191e-07 
1.142613e-07 
1.137068e-07 
1.131557e-07 
1.126080e-07 
1.120637e-07 
1.115227e-07 
1.109850e-07 
1.104505e-07 
1.099193e-07 
1.093913e-07 
1.088666e-07 
1.083450e-07 
1.078266e-07 
1.073113e-07 
1.067991e-07 
1.062901e-07 
1.057841e-07 
1.052811e-07 
1.047812e-07 
1.042842e-07 
1.037903e-07 
1.032993e-07 
1.028113e-07 
1.023262e-07 
1.018439e-07 
1.013646e-07 
1.008881e-07 
1.004145e-07 
9.994365e-08 
9.947563e-08 
9.901039e-08 
9.854790e-08 
9.808816e-08 
9.763114e-08 
9.717682e-08 
9.672518e-08 
9.627621e-08 
9.582988e-08 
9.538618e-08 
9.494509e-08 
9.450660e-08 
9.407084e-08 
9.363764e-08 
9.320697e-08 
9.277882e-08 
9.235317e-08 
9.193000e-08 
9.150929e-08 
9.109103e-08 
9.067519e-08 
9.026177e-08 
8.985074e-08 
8.944208e-08 
8.903579e-08 
8.863184e-08 
8.823022e-08 
8.783091e-08 
8.743389e-08 
8.703915e-08 
8.664668e-08 
8.625645e-08 
8.586845e-08 
8.548267e-08 
8.509908e-08 
8.471769e-08 
8.433846e-08 
8.396138e-08 
8.358645e-08 
8.321364e-08 
8.284294e-08 
8.247434e-08 
8.210781e-08 
8.174336e-08 
8.138095e-08 
8.102059e-08 
8.066225e-08 
8.030592e-08 
7.995158e-08 
7.959923e-08 
7.924885e-08 
7.890043e-08 
7.855395e-08 
7.820940e-08 
7.786676e-08 
7.752603e-08 
7.718719e-08 
7.685023e-08 
7.651513e-08 
7.618188e-08 
7.585048e-08 
7.552090e-08 
7.519314e-08 
7.486718e-08 
7.454302e-08 
7.422063e-08 
7.390001e-08 
7.358115e-08 
7.326403e-08 
7.294864e-08 
7.263497e-08 
7.232301e-08 
7.201275e-08 
7.170418e-08 
7.139728e-08 
7.109204e-08 
7.078846e-08 
7.048652e-08 
7.018622e-08 
6.988753e-08 
6.959046e-08 
6.929498e-08 
6.900109e-08 
6.870879e-08 
6.841805e-08 
6.812887e-08 
6.784123e-08 
6.755514e-08 
6.727057e-08 
6.698752e-08 
6.670598e-08 
6.642594e-08 
6.614738e-08 
6.587031e-08 
6.559470e-08 
6.532056e-08 
6.504786e-08 
6.477661e-08 
6.450679e-08 
6.423839e-08 
6.397140e-08 
6.370582e-08 
6.344163e-08 
6.317883e-08 
6.291741e-08 
6.265736e-08 
6.239867e-08 
6.214133e-08 
6.188533e-08 
6.163067e-08 
6.137733e-08 
6.112531e-08 
6.087460e-08 
6.062519e-08 
6.037707e-08 
6.013024e-08 
5.988468e-08 
5.964039e-08 
5.939737e-08 
5.915559e-08 
5.891506e-08 
5.867577e-08 
5.843771e-08 
5.820086e-08 
5.796524e-08 
5.773081e-08 
5.749759e-08 
5.726556e-08 
5.703471e-08 
5.680504e-08 
5.657654e-08 
5.634920e-08 
5.612301e-08 
5.589797e-08 
5.567407e-08 
5.545131e-08 
5.522967e-08 
5.500916e-08 
5.478975e-08 
5.457145e-08 
5.435425e-08 
5.413815e-08 
5.392313e-08 
5.370918e-08 
5.349632e-08 
5.328451e-08 
5.307377e-08 
5.286408e-08 
5.265543e-08 
5.244783e-08 
5.224126e-08 
5.203572e-08 
5.183120e-08 
5.162769e-08 
5.142520e-08 
5.122370e-08 
5.102321e-08 
5.082370e-08 
5.062519e-08 
5.042765e-08 
5.023108e-08 
5.003548e-08 
4.984084e-08 
4.964716e-08 
4.945443e-08 
4.926264e-08 
4.907180e-08 
4.888188e-08 
4.869290e-08 
4.850483e-08 
4.831769e-08 
4.813145e-08 
4.794612e-08 
4.776170e-08 
4.757816e-08 
4.739552e-08 
4.721376e-08 
4.703288e-08 
4.685288e-08 
4.667375e-08 
4.649548e-08 
4.631806e-08 
4.614151e-08 
4.596580e-08 
4.579094e-08 
4.561691e-08 
4.544372e-08 
4.527136e-08 
4.509983e-08 
4.492911e-08 
4.475921e-08 
4.459012e-08 
4.442184e-08 
4.425435e-08 
4.408767e-08 
4.392177e-08 
4.375666e-08 
4.359234e-08 
4.342879e-08 
4.326602e-08 
4.310402e-08 
4.294278e-08 
4.278230e-08 
4.262258e-08 
4.246361e-08 
4.230538e-08 
4.214790e-08 
4.199116e-08 
4.183516e-08 
4.167988e-08 
4.152533e-08 
4.137151e-08 
4.121836e-08 
4.106593e-08 
4.091421e-08 
4.076319e-08 
4.061288e-08 
4.046326e-08 
4.031434e-08 
4.016611e-08 
4.001857e-08 
3.987171e-08 
3.972553e-08 
3.958003e-08 
3.943520e-08 
3.929103e-08 
3.914753e-08 
3.900470e-08 
3.886252e-08 
3.872099e-08 
3.858011e-08 
3.843988e-08 
3.830029e-08 
3.816134e-08 
3.802303e-08 
3.788535e-08 
3.774830e-08 
3.761187e-08 
3.747607e-08 
3.734088e-08 
3.720631e-08 
3.707236e-08 
3.693901e-08 
3.680626e-08 
3.667412e-08 
3.654257e-08 
3.641162e-08 
3.628127e-08 
3.615150e-08 
3.602232e-08 
3.589372e-08 
3.576570e-08 
3.563825e-08 
3.551138e-08 
3.538508e-08 
3.525934e-08 
3.513417e-08 
3.500957e-08 
3.488551e-08 
3.476202e-08 
3.463907e-08 
3.451668e-08 
3.439483e-08 
3.427352e-08 
3.415275e-08 
3.403252e-08 
3.391283e-08 
3.379367e-08 
3.367503e-08 
3.355692e-08 
3.343934e-08 
3.332227e-08 
3.320572e-08 
3.308969e-08 
3.297417e-08 
3.285916e-08 
3.274465e-08 
3.263065e-08 
3.251715e-08 
3.240415e-08 
3.229165e-08 
3.217963e-08 
3.206811e-08 
3.195708e-08 
3.184653e-08 
3.173647e-08 
3.162689e-08 
3.151778e-08 
3.140915e-08 
3.130100e-08 
3.119331e-08 
3.108609e-08 
3.097934e-08 
3.087305e-08 
3.076723e-08 
3.066186e-08 
3.055694e-08 
3.045249e-08 
3.034848e-08 
3.024492e-08 
3.014181e-08 
3.003914e-08 
2.993691e-08 
2.983513e-08 
2.973378e-08 
2.963287e-08 
2.953239e-08 
2.943234e-08 
2.933272e-08 
2.923352e-08 
2.913475e-08 
2.903640e-08 
2.893847e-08 
2.884096e-08 
2.874387e-08 
2.864719e-08 
2.855092e-08 
2.845505e-08 
2.835960e-08 
2.826455e-08 
2.816991e-08 
2.807566e-08 
2.798181e-08 
2.788836e-08 
2.779531e-08 
2.770265e-08 
2.761038e-08 
2.751849e-08 
2.742700e-08 
2.733589e-08 
2.724516e-08 
2.715482e-08 
2.706485e-08 
2.697526e-08 
2.688604e-08 
2.679720e-08 
2.670873e-08 
2.662063e-08 
2.653290e-08 
2.644554e-08 
2.635853e-08 
2.627190e-08 
2.618562e-08 
2.609970e-08 
2.601413e-08 
2.592892e-08 
2.584407e-08 
2.575957e-08 
2.567541e-08 
2.559161e-08 
2.550815e-08 
2.542504e-08 
2.534226e-08 
2.525984e-08 
2.517774e-08 
2.509599e-08 
2.501458e-08 
2.493350e-08 
2.485275e-08 
2.477233e-08 
2.469224e-08 
2.461248e-08 
2.453305e-08 
2.445394e-08 
2.437516e-08 
2.429669e-08 
2.421855e-08 
2.414072e-08 
2.406321e-08 
2.398602e-08 
2.390914e-08 
2.383258e-08 
2.375632e-08 
2.368037e-08 
2.360473e-08 
2.352940e-08 
2.345437e-08 
2.337965e-08 
2.330523e-08 
2.323110e-08 
2.315728e-08 
2.308375e-08 
2.301052e-08 
2.293759e-08 
2.286495e-08 
2.279260e-08 
2.272054e-08 
2.264876e-08 
2.257728e-08 
2.250608e-08 
2.243517e-08 
2.236454e-08 
2.229419e-08 
2.222412e-08 
2.215434e-08 
2.208483e-08 
2.201559e-08 
2.194664e-08 
2.187795e-08 
2.180954e-08 
2.174140e-08 
2.167353e-08 
2.160593e-08 
2.153860e-08 
2.147153e-08 
2.140473e-08 
2.133819e-08 
2.127192e-08 
2.120590e-08 
2.114015e-08 
2.107465e-08 
2.100942e-08 
2.094444e-08 
2.087973e-08 
2.081526e-08 
2.075105e-08 
2.068709e-08 
2.062338e-08 
2.055992e-08 
2.049671e-08 
2.043374e-08 
2.037102e-08 
2.030854e-08 
2.024631e-08 
2.018432e-08 
2.012257e-08 
2.006106e-08 
1.999979e-08 
1.993876e-08 
1.987796e-08 
1.981740e-08 
1.975708e-08 
1.969698e-08 
1.963712e-08 
1.957749e-08 
1.951809e-08 
1.945892e-08 
1.939998e-08 
1.934127e-08 
1.928278e-08 
1.922451e-08 
1.916647e-08 
1.910865e-08 
1.905105e-08 
1.899368e-08 
1.893652e-08 
1.887958e-08 
1.882286e-08 
1.876636e-08 
1.871007e-08 
1.865400e-08 
1.859814e-08 
1.854249e-08 
1.848705e-08 
1.843183e-08 
1.837681e-08 
1.832201e-08 
1.826741e-08 
1.821302e-08 
1.815883e-08 
1.810485e-08 
1.805107e-08 
1.799750e-08 
1.794413e-08 
1.789096e-08 
1.783799e-08 
1.778522e-08 
1.773265e-08 
1.768028e-08 
1.762810e-08 
1.757612e-08 
1.752433e-08 
1.747274e-08 
1.742134e-08 
1.737014e-08 
1.731912e-08 
1.726830e-08 
1.721767e-08 
1.716722e-08 
1.711696e-08 
1.706689e-08 
1.701701e-08 
1.696731e-08 
1.691780e-08 
1.686847e-08 
1.681932e-08 
1.677036e-08 
1.672158e-08 
1.667298e-08 
1.662456e-08 
1.657631e-08 
1.652825e-08 
1.648036e-08 
1.643265e-08 
1.638512e-08 
1.633776e-08 
1.629058e-08 
1.624356e-08 
1.619673e-08 
1.615006e-08 
1.610356e-08 
1.605724e-08 
1.601109e-08 
1.596510e-08 
1.591928e-08 
1.587363e-08 
1.582815e-08 
1.578283e-08 
1.573768e-08 
1.569269e-08 
1.564787e-08 
1.560321e-08 
1.555871e-08 
1.551438e-08 
1.547020e-08 
1.542619e-08 
1.538233e-08 
1.533864e-08 
1.529510e-08 
1.525172e-08 
1.520850e-08 
1.516543e-08 
1.512252e-08 
1.507976e-08 
1.503716e-08 
1.499471e-08 
1.495241e-08 
1.491027e-08 
1.486827e-08 
1.482643e-08 
1.478474e-08 
1.474320e-08 
1.470181e-08 
1.466056e-08 
1.461946e-08 
1.457851e-08 
1.453771e-08 
1.449705e-08 
1.445654e-08 
1.441617e-08 
1.437594e-08 
1.433586e-08 
1.429592e-08 
1.425613e-08 
1.421647e-08 
1.417695e-08 
1.413758e-08 
1.409834e-08 
1.405925e-08 
1.402029e-08 
1.398147e-08 
1.394279e-08 
1.390424e-08 
1.386583e-08 
1.382756e-08 
1.378942e-08 
1.375141e-08 
1.371354e-08 
1.367580e-08 
1.363820e-08 
1.360072e-08 
1.356338e-08 
1.352617e-08 
1.348909e-08 
1.345214e-08 
1.341531e-08 
1.337862e-08 
1.334206e-08 
1.330562e-08 
1.326931e-08 
1.323313e-08 
1.319707e-08 
1.316114e-08 
1.312533e-08 
1.308965e-08 
1.305409e-08 
1.301865e-08 
1.298334e-08 
1.294815e-08 
1.291309e-08 
1.287814e-08 
1.284331e-08 
1.280861e-08 
1.277402e-08 
1.273956e-08 
1.270521e-08 
1.267098e-08 
1.263687e-08 
1.260288e-08 
1.256900e-08 
1.253524e-08 
1.250160e-08 
1.246807e-08 
1.243466e-08 
1.240136e-08 
1.236818e-08 
1.233510e-08 
1.230215e-08 
1.226930e-08 
1.223657e-08 
1.220395e-08 
1.217144e-08 
1.213904e-08 
1.210675e-08 
1.207457e-08 
1.204250e-08 
1.201054e-08 
1.197869e-08 
1.194694e-08 
1.191531e-08 
1.188378e-08 
1.185235e-08 
1.182104e-08 
1.178983e-08 
1.175872e-08 
1.172773e-08 
1.169683e-08 
1.166604e-08 
1.163535e-08 
1.160477e-08 
1.157429e-08 
1.154391e-08 
1.151364e-08 
1.148346e-08 
1.145339e-08 
1.142342e-08 
1.139354e-08 
1.136377e-08 
1.133410e-08 
1.130453e-08 
1.127505e-08 
1.124568e-08 
1.121640e-08 
1.118722e-08 
1.115814e-08 
1.112915e-08 
1.110027e-08 
1.107147e-08 
1.104278e-08 
1.101417e-08 
1.098567e-08 
1.095725e-08 
1.092894e-08 
1.090071e-08 
1.087258e-08 
1.084454e-08 
1.081660e-08 
1.078875e-08 
1.076099e-08 
1.073332e-08 
1.070574e-08 
1.067825e-08 
1.065085e-08 
1.062355e-08 
1.059633e-08 
1.056920e-08 
1.054217e-08 
1.051522e-08 
1.048836e-08 
1.046158e-08 
1.043490e-08 
1.040830e-08 
1.038179e-08 
1.035536e-08 
1.032903e-08 
1.030277e-08 
1.027661e-08 
1.025053e-08 
1.022453e-08 
1.019862e-08 
1.017279e-08 
1.014705e-08 
1.012139e-08 
1.009581e-08 
1.007032e-08 
1.004491e-08 
1.001958e-08 
9.994333e-09 
9.969168e-09 
9.944085e-09 
9.919082e-09 
9.894161e-09 
9.869319e-09 
9.844558e-09 
9.819877e-09 
9.795275e-09 
9.770752e-09 
9.746309e-09 
9.721943e-09 
9.697656e-09 
9.673447e-09 
9.649316e-09 
9.625262e-09 
9.601285e-09 
9.577384e-09 
9.553561e-09 
9.529813e-09 
9.506141e-09 
9.482545e-09 
9.459024e-09 
9.435578e-09 
9.412207e-09 
9.388910e-09 
9.365687e-09 
9.342539e-09 
9.319463e-09 
9.296461e-09 
9.273532e-09 
9.250676e-09 
9.227892e-09 
9.205181e-09 
9.182541e-09 
9.159973e-09 
9.137476e-09 
9.115050e-09 
9.092695e-09 
9.070411e-09 
9.048197e-09 
9.026053e-09 
9.003978e-09 
8.981973e-09 
8.960038e-09 
8.938171e-09 
8.916373e-09 
8.894643e-09 
8.872981e-09 
8.851388e-09 
8.829862e-09 
8.808403e-09 
8.787011e-09 
8.765687e-09 
8.744429e-09 
8.723237e-09 
8.702112e-09 
8.681052e-09 
8.660058e-09 
8.639129e-09 
8.618266e-09 
8.597467e-09 
8.576733e-09 
8.556064e-09 
8.535458e-09 
8.514917e-09 
8.494439e-09 
8.474024e-09 
8.453673e-09 
8.433385e-09 
8.413160e-09 
8.392997e-09 
8.372896e-09 
8.352857e-09 
8.332880e-09 
8.312965e-09 
8.293111e-09 
8.273318e-09 
8.253586e-09 
8.233915e-09 
8.214304e-09 
8.194753e-09 
8.175263e-09 
8.155832e-09 
8.136461e-09 
8.117149e-09 
8.097896e-09 
8.078702e-09 
8.059566e-09 
8.040489e-09 
8.021471e-09 
8.002510e-09 
7.983607e-09 
7.964762e-09 
7.945974e-09 
7.927243e-09 
7.908570e-09 
7.889953e-09 
7.871392e-09 
7.852888e-09 
7.834440e-09 
7.816048e-09 
7.797712e-09 
7.779431e-09 
7.761206e-09 
7.743035e-09 
7.724920e-09 
7.706859e-09 
7.688853e-09 
7.670901e-09 
7.653003e-09 
7.635159e-09 
7.617369e-09 
7.599633e-09 
7.581949e-09 
7.564319e-09 
7.546742e-09 
7.529218e-09 
7.511746e-09 
7.494326e-09 
7.476959e-09 
7.459643e-09 
7.442380e-09 
7.425168e-09 
7.408007e-09 
7.390898e-09 
7.373840e-09 
7.356833e-09 
7.339876e-09 
7.322970e-09 
7.306114e-09 
7.289308e-09 
7.272553e-09 
7.255847e-09 
7.239190e-09 
7.222580e-09 
7.206020e-09 
7.189508e-09 
7.173045e-09 
7.156631e-09 
7.140266e-09 
7.123949e-09 
7.107680e-09 
7.091459e-09 
7.075286e-09 
7.059161e-09 
7.043084e-09 
7.027053e-09 
7.011070e-09 
6.995134e-09 
6.979245e-09 
6.963402e-09 
6.947606e-09 
6.931857e-09 
6.916153e-09 
6.900496e-09 
6.884884e-09 
6.869319e-09 
6.853798e-09 
6.838323e-09 
6.822894e-09 
6.807509e-09 
6.792170e-09 
6.776875e-09 
6.761624e-09 
6.746418e-09 
6.731257e-09 
6.716139e-09 
6.701066e-09 
6.686036e-09 
6.671050e-09 
6.656107e-09 
6.641208e-09 
6.626352e-09 
6.611539e-09 
6.596769e-09 
6.582041e-09 
6.567357e-09 
6.552714e-09 
6.538114e-09 
6.523556e-09 
6.509040e-09 
6.494566e-09 
6.480134e-09 
6.465743e-09 
6.451394e-09 
6.437086e-09 
6.422819e-09 
6.408593e-09 
6.394408e-09 
6.380263e-09 
6.366159e-09 
6.352096e-09 
6.338073e-09 
6.324090e-09 
6.310147e-09 
6.296244e-09 
6.282380e-09 
6.268556e-09 
6.254772e-09 
6.241027e-09 
6.227321e-09 
6.213654e-09 
6.200026e-09 
6.186437e-09 
6.172886e-09 
6.159374e-09 
6.145901e-09 
6.132465e-09 
6.119068e-09 
6.105709e-09 
6.092387e-09 
6.079104e-09 
6.065857e-09 
6.052649e-09 
6.039477e-09 
6.026343e-09 
6.013246e-09 
6.000186e-09 
5.987163e-09 
5.974176e-09 
5.961226e-09 
5.948312e-09 
5.935435e-09 
5.922594e-09 
5.909789e-09 
5.897020e-09 
5.884287e-09 
5.871590e-09 
5.858928e-09 
5.846301e-09 
5.833710e-09 
5.821154e-09 
5.808634e-09 
5.796148e-09 
5.783697e-09 
5.771281e-09 
5.758900e-09 
5.746553e-09 
5.734240e-09 
5.721962e-09 
5.709718e-09 
5.697508e-09 
5.685332e-09 
5.673189e-09 
5.661081e-09 
5.649006e-09 
5.636965e-09 
5.624957e-09 
5.612982e-09 
5.601040e-09 
5.589131e-09 
5.577256e-09 
5.565413e-09 
5.553603e-09 
5.541825e-09 
5.530080e-09 
5.518367e-09 
5.506687e-09 
5.495039e-09 
5.483423e-09 
5.471838e-09 
5.460286e-09 
5.448765e-09 
5.437276e-09 
5.425819e-09 
5.414393e-09 
5.402998e-09 
5.391635e-09 
5.380302e-09 
5.369001e-09 
5.357730e-09 
5.346490e-09 
5.335281e-09 
5.324103e-09 
5.312955e-09 
5.301838e-09 
5.290750e-09 
5.279693e-09 
5.268667e-09 
5.257670e-09 
5.246703e-09 
5.235765e-09 
5.224858e-09 
5.213980e-09 
5.203132e-09 
5.192313e-09 
5.181523e-09 
5.170763e-09 
5.160031e-09 
5.149329e-09 
5.138655e-09 
5.128011e-09 
5.117395e-09 
5.106808e-09 
5.096249e-09 
5.085719e-09 
5.075217e-09 
5.064744e-09 
5.054299e-09 
5.043881e-09 
5.033492e-09 
5.023131e-09 
5.012797e-09 
5.002492e-09 
4.992213e-09 
4.981963e-09 
4.971740e-09 
4.961544e-09 
4.951375e-09 
4.941234e-09 
4.931120e-09 
4.921033e-09 
4.910973e-09 
4.900939e-09 
4.890932e-09 
4.880952e-09 
4.870999e-09 
4.861072e-09 
4.851172e-09 
4.841297e-09 
4.831449e-09 
4.821628e-09 
4.811832e-09 
4.802062e-09 
4.792318e-09 
4.782600e-09 
4.772908e-09 
4.763241e-09 
4.753600e-09 
4.743985e-09 
4.734395e-09 
4.724830e-09 
4.715290e-09 
4.705776e-09 
4.696286e-09 
4.686822e-09 
4.677383e-09 
4.667968e-09 
4.658578e-09 
4.649213e-09 
4.639873e-09 
4.630557e-09 
4.621265e-09 
4.611998e-09 
4.602755e-09 
4.593536e-09 
4.584342e-09 
4.575171e-09 
4.566025e-09 
4.556902e-09 
4.547804e-09 
4.538729e-09 
4.529677e-09 
4.520650e-09 
4.511645e-09 
4.502665e-09 
4.493708e-09 
4.484774e-09 
4.475863e-09 
4.466975e-09 
4.458111e-09 
4.449269e-09 
4.440451e-09 
4.431655e-09 
4.422882e-09 
4.414132e-09 
4.405405e-09 
4.396700e-09 
4.388018e-09 
4.379358e-09 
4.370720e-09 
4.362105e-09 
4.353512e-09 
4.344941e-09 
4.336392e-09 
4.327866e-09 
4.319361e-09 
4.310878e-09 
4.302417e-09 
4.293978e-09 
4.285560e-09 
4.277164e-09 
4.268790e-09 
4.260437e-09 
4.252106e-09 
4.243795e-09 
4.235507e-09 
4.227239e-09 
4.218992e-09 
4.210767e-09 
4.202563e-09 
4.194379e-09 
4.186217e-09 
4.178075e-09 
4.169954e-09 
4.161854e-09 
4.153774e-09 
4.145715e-09 
4.137676e-09 
4.129658e-09 
4.121660e-09 
4.113683e-09 
4.105726e-09 
4.097789e-09 
4.089872e-09 
4.081975e-09 
4.074099e-09 
4.066242e-09 
4.058405e-09 
4.050588e-09 
4.042790e-09 
4.035013e-09 
4.027255e-09 
4.019516e-09 
4.011797e-09 
4.004098e-09 
3.996418e-09 
3.988757e-09 
3.981115e-09 
3.973493e-09 
3.965890e-09 
3.958306e-09 
3.950741e-09 
3.943195e-09 
3.935668e-09 
3.928160e-09 
3.920671e-09 
3.913200e-09 
3.905748e-09 
3.898315e-09 
3.890901e-09 
3.883505e-09 
3.876127e-09 
3.868768e-09 
3.861427e-09 
3.854104e-09 
3.846800e-09 
3.839514e-09 
3.832246e-09 
3.824996e-09 
3.817764e-09 
3.810551e-09 
3.803355e-09 
3.796177e-09 
3.789016e-09 
3.781874e-09 
3.774749e-09 
3.767642e-09 
3.760553e-09 
3.753481e-09 
3.746426e-09 
3.739389e-09 
3.732369e-09 
3.725367e-09 
3.718382e-09 
3.711414e-09 
3.704464e-09 
3.697530e-09 
3.690614e-09 
3.683715e-09 
3.676832e-09 
3.669967e-09 
3.663118e-09 
3.656286e-09 
3.649472e-09 
3.642673e-09 
3.635892e-09 
3.629127e-09 
3.622378e-09 
3.615647e-09 
3.608931e-09 
3.602232e-09 
3.595550e-09 
3.588884e-09 
3.582234e-09 
3.575600e-09 
3.568982e-09 
3.562381e-09 
3.555796e-09 
3.549227e-09 
3.542673e-09 
3.536136e-09 
3.529615e-09 
3.523109e-09 
3.516619e-09 
3.510145e-09 
3.503687e-09 
3.497244e-09 
3.490817e-09 
3.484406e-09 
3.478010e-09 
3.471630e-09 
3.465265e-09 
3.458915e-09 
3.452581e-09 
3.446262e-09 
3.439959e-09 
3.433670e-09 
3.427397e-09 
3.421139e-09 
3.414896e-09 
3.408668e-09 
3.402455e-09 
3.396256e-09 
3.390073e-09 
3.383905e-09 
3.377751e-09 
3.371613e-09 
3.365489e-09 
3.359379e-09 
3.353285e-09 
3.347205e-09 
3.341139e-09 
3.335088e-09 
3.329052e-09 
3.323029e-09 
3.317022e-09 
3.311028e-09 
3.305049e-09 
3.299085e-09 
3.293134e-09 
3.287198e-09 
3.281275e-09 
3.275367e-09 
3.269473e-09 
3.263593e-09 
3.257727e-09 
3.251875e-09 
3.246037e-09 
3.240212e-09 
3.234402e-09 
3.228605e-09 
3.222822e-09 
3.217052e-09 
3.211298e-09 
3.205557e-09 
3.199830e-09 
3.194116e-09 
3.188415e-09 
3.182728e-09 
3.177055e-09 
3.171395e-09 
3.165748e-09 
3.160115e-09 
3.154495e-09 
3.148888e-09 
3.143294e-09 
3.137713e-09 
3.132146e-09 
3.126591e-09 
3.121050e-09 
3.115522e-09 
3.110006e-09 
3.104504e-09 
3.099014e-09 
3.093538e-09 
3.088074e-09 
3.082623e-09 
3.077184e-09 
3.071759e-09 
3.066346e-09 
3.060945e-09 
3.055558e-09 
3.050182e-09 
3.044820e-09 
3.039470e-09 
3.034132e-09 
3.028807e-09 
3.023494e-09 
3.018193e-09 
3.012905e-09 
3.007629e-09 
3.002365e-09 
2.997114e-09 
2.991875e-09 
2.986647e-09 
2.981432e-09 
2.976230e-09 
2.971039e-09 
2.965860e-09 
2.960693e-09 
2.955538e-09 
2.950395e-09 
2.945264e-09 
2.940144e-09 
2.935037e-09 
2.929941e-09 
2.924857e-09 
2.919785e-09 
2.914724e-09 
2.909675e-09 
2.904637e-09 
2.899612e-09 
2.894597e-09 
2.889595e-09 
2.884603e-09 
2.879624e-09 
2.874655e-09 
2.869698e-09 
2.864752e-09 
2.859818e-09 
2.854895e-09 
2.849983e-09 
2.845083e-09 
2.840193e-09 
2.835315e-09 
2.830448e-09 
2.825592e-09 
2.820747e-09 
2.815913e-09 
2.811090e-09 
2.806279e-09 
2.801478e-09 
2.796688e-09 
2.791909e-09 
2.787140e-09 
2.782383e-09 
2.777636e-09 
2.772900e-09 
2.768175e-09 
2.763461e-09 
2.758757e-09 
2.754064e-09 
2.749382e-09 
2.744710e-09 
2.740049e-09 
2.735398e-09 
2.730758e-09 
2.726128e-09 
2.721508e-09 
2.716899e-09 
2.712301e-09 
2.707713e-09 
2.703135e-09 
2.698567e-09 
2.694010e-09 
2.689463e-09 
2.684926e-09 
2.680400e-09 
2.675883e-09 
2.671377e-09 
2.666881e-09 
2.662395e-09 
2.657919e-09 
2.653453e-09 
2.648997e-09 
2.644551e-09 
2.640115e-09 
2.635688e-09 
2.631272e-09 
2.626866e-09 
2.622469e-09 
2.618082e-09 
2.613705e-09 
2.609338e-09 
2.604981e-09 
2.600633e-09 
2.596295e-09 
2.591966e-09 
2.587647e-09 
2.583338e-09 
2.579038e-09 
2.574748e-09 
2.570468e-09 
2.566196e-09 
2.561935e-09 
2.557683e-09 
2.553440e-09 
2.549206e-09 
2.544982e-09 
2.540768e-09 
2.536562e-09 
2.532366e-09 
2.528179e-09 
2.524002e-09 
2.519833e-09 
2.515674e-09 
2.511524e-09 
2.507383e-09 
2.503252e-09 
2.499129e-09 
2.495015e-09 
2.490911e-09 
2.486815e-09 
2.482729e-09 
2.478651e-09 
2.474583e-09 
2.470523e-09 
2.466472e-09 
2.462430e-09 
2.458397e-09 
2.454373e-09 
2.450358e-09 
2.446351e-09 
2.442353e-09 
2.438364e-09 
2.434384e-09 
2.430412e-09 
2.426449e-09 
2.422495e-09 
2.418549e-09 
2.414612e-09 
2.410683e-09 
2.406763e-09 
2.402851e-09 
2.398948e-09 
2.395054e-09 
2.391168e-09 
2.387290e-09 
2.383421e-09 
2.379560e-09 
2.375707e-09 
2.371863e-09 
2.368027e-09 
2.364200e-09 
2.360381e-09 
2.356570e-09 
2.352767e-09 
2.348973e-09 
2.345186e-09 
2.341408e-09 
2.337638e-09 
2.333876e-09 
2.330123e-09 
2.326377e-09 
2.322639e-09 
2.318910e-09 
2.315188e-09 
2.311475e-09 
2.307769e-09 
2.304072e-09 
2.300382e-09 
2.296701e-09 
2.293027e-09 
2.289361e-09 
2.285703e-09 
2.282053e-09 
2.278410e-09 
2.274776e-09 
2.271149e-09 
2.267530e-09 
2.263918e-09 
2.260315e-09 
2.256719e-09 
2.253131e-09 
2.249550e-09 
2.245977e-09 
2.242412e-09 
2.238854e-09 
2.235304e-09 
2.231761e-09 
2.228226e-09 
2.224699e-09 
2.221179e-09 
2.217666e-09 
2.214161e-09 
2.210663e-09 
2.207173e-09 
2.203690e-09 
2.200215e-09 
2.196746e-09 
2.193286e-09 
2.189832e-09 
2.186386e-09 
2.182947e-09 
2.179516e-09 
2.176091e-09 
2.172674e-09 
2.169264e-09 
2.165862e-09 
2.162466e-09 
2.159078e-09 
2.155697e-09 
2.152322e-09 
2.148955e-09 
2.145595e-09 
2.142243e-09 
2.138897e-09 
2.135558e-09 
2.132226e-09 
2.128901e-09 
2.125584e-09 
2.122273e-09 
2.118969e-09 
2.115672e-09 
2.112382e-09 
2.109099e-09 
2.105822e-09 
2.102553e-09 
2.099290e-09 
2.096034e-09 
2.092785e-09 
2.089543e-09 
2.086307e-09 
2.083079e-09 
2.079857e-09 
2.076641e-09 
2.073433e-09 
2.070231e-09 
2.067035e-09 
2.063847e-09 
2.060665e-09 
2.057489e-09 
2.054321e-09 
2.051158e-09 
2.048003e-09 
2.044853e-09 
2.041711e-09 
2.038575e-09 
2.035445e-09 
2.032322e-09 
2.029205e-09 
2.026095e-09 
2.022991e-09 
2.019894e-09 
2.016803e-09 
2.013718e-09 
2.010640e-09 
2.007568e-09 
2.004503e-09 
2.001443e-09 
1.998391e-09 
1.995344e-09 
1.992303e-09 
1.989269e-09 
1.986241e-09 
1.983220e-09 
1.980204e-09 
1.977195e-09 
1.974192e-09 
1.971195e-09 
1.968204e-09 
1.965219e-09 
1.962241e-09 
1.959268e-09 
1.956302e-09 
1.953341e-09 
1.950387e-09 
1.947439e-09 
1.944497e-09 
1.941560e-09 
1.938630e-09 
1.935706e-09 
1.932788e-09 
1.929875e-09 
1.926969e-09 
1.924068e-09 
1.921174e-09 
1.918285e-09 
1.915402e-09 
1.912525e-09 
1.909654e-09 
1.906789e-09 
1.903929e-09 
1.901076e-09 
1.898228e-09 
1.895386e-09 
1.892549e-09 
1.889718e-09 
1.886894e-09 
1.884074e-09 
1.881261e-09 
1.878453e-09 
1.875651e-09 
1.872854e-09 
1.870064e-09 
1.867278e-09 
1.864499e-09 
1.861725e-09 
1.858956e-09 
1.856193e-09 
1.853436e-09 
1.850684e-09 
1.847938e-09 
1.845198e-09 
1.842462e-09 
1.839733e-09 
1.837008e-09 
1.834290e-09 
1.831576e-09 
1.828869e-09 
1.826166e-09 
1.823469e-09 
1.820778e-09 
1.818091e-09 
1.815410e-09 
1.812735e-09 
1.810065e-09 
1.807400e-09 
1.804740e-09 
1.802086e-09 
1.799437e-09 
1.796794e-09 
1.794155e-09 
1.791522e-09 
1.788894e-09 
1.786272e-09 
1.783654e-09 
1.781042e-09 
1.778435e-09 
1.775833e-09 
1.773237e-09 
1.770645e-09 
1.768059e-09 
1.765478e-09 
1.762901e-09 
1.760330e-09 
1.757764e-09 
1.755204e-09 
1.752648e-09 
1.750097e-09 
1.747551e-09 
1.745011e-09 
1.742475e-09 
1.739944e-09 
1.737419e-09 
1.734898e-09 
1.732382e-09 
1.729872e-09 
1.727366e-09 
1.724865e-09 
1.722369e-09 
1.719878e-09 
1.717392e-09 
1.714911e-09 
1.712434e-09 
1.709963e-09 
1.707496e-09 
1.705034e-09 
1.702577e-09 
1.700125e-09 
1.697678e-09 
1.695235e-09 
1.692797e-09 
1.690364e-09 
1.687936e-09 
1.685512e-09 
1.683094e-09 
1.680679e-09 
1.678270e-09 
1.675865e-09 
1.673465e-09 
1.671070e-09 
1.668680e-09 
1.666294e-09 
1.663912e-09 
1.661536e-09 
1.659163e-09 
1.656796e-09 
1.654433e-09 
1.652075e-09 
1.649721e-09 
1.647372e-09 
1.645028e-09 
1.642688e-09 
1.640352e-09 
1.638021e-09 
1.635695e-09 
1.633373e-09 
1.631055e-09 
1.628742e-09 
1.626434e-09 
1.624130e-09 
1.621830e-09 
1.619535e-09 
1.617244e-09 
1.614958e-09 
1.612676e-09 
1.610399e-09 
1.608126e-09 
1.605857e-09 
1.603593e-09 
1.601333e-09 
1.599077e-09 
1.596826e-09 
1.594579e-09 
1.592336e-09 
1.590098e-09 
1.587863e-09 
1.585634e-09 
1.583408e-09 
1.581187e-09 
1.578970e-09 
1.576757e-09 
1.574549e-09 
1.572344e-09 
1.570144e-09 
1.567948e-09 
1.565757e-09 
1.563569e-09 
1.561386e-09 
1.559207e-09 
1.557032e-09 
1.554861e-09 
1.552694e-09 
1.550532e-09 
1.548373e-09 
1.546219e-09 
1.544068e-09 
1.541922e-09 
1.539780e-09 
1.537642e-09 
1.535508e-09 
1.533378e-09 
1.531252e-09 
1.529131e-09 
1.527013e-09 
1.524899e-09 
1.522789e-09 
1.520683e-09 
1.518581e-09 
1.516484e-09 
1.514390e-09 
1.512300e-09 
1.510214e-09 
1.508132e-09 
1.506054e-09 
1.503979e-09 
1.501909e-09 
1.499843e-09 
1.497780e-09 
1.495722e-09 
1.493667e-09 
1.491616e-09 
1.489569e-09 
1.487526e-09 
1.485487e-09 
1.483451e-09 
1.481419e-09 
1.479392e-09 
1.477368e-09 
1.475347e-09 
1.473331e-09 
1.471318e-09 
1.469309e-09 
1.467304e-09 
1.465303e-09 
1.463305e-09 
1.461311e-09 
1.459321e-09 
1.457334e-09 
1.455352e-09 
1.453372e-09 
1.451397e-09 
1.449425e-09 
1.447457e-09 
1.445493e-09 
1.443532e-09 
1.441575e-09 
1.439622e-09 
1.437672e-09 
1.435726e-09 
1.433783e-09 
1.431844e-09 
1.429909e-09 
1.427977e-09 
1.426049e-09 
1.424125e-09 
1.422204e-09 
1.420286e-09 
1.418372e-09 
1.416462e-09 
1.414555e-09 
1.412652e-09 
1.410752e-09 
1.408856e-09 
1.406963e-09 
1.405074e-09 
1.403188e-09 
1.401306e-09 
1.399427e-09 
1.397551e-09 
1.395679e-09 
1.393811e-09 
1.391946e-09 
1.390084e-09 
1.388226e-09 
1.386371e-09 
1.384520e-09 
1.382672e-09 
1.380828e-09 
1.378986e-09 
1.377149e-09 
1.375314e-09 
1.373483e-09 
1.371655e-09 
1.369831e-09 
1.368010e-09 
1.366192e-09 
1.364378e-09 
1.362567e-09 
1.360759e-09 
1.358955e-09 
1.357154e-09 
1.355356e-09 
1.353561e-09 
1.351770e-09 
1.349982e-09 
1.348197e-09 
1.346416e-09 
1.344637e-09 
1.342862e-09 
1.341090e-09 
1.339322e-09 
1.337556e-09 
1.335794e-09 
1.334035e-09 
1.332280e-09 
1.330527e-09 
1.328778e-09 
1.327031e-09 
1.325288e-09 
1.323548e-09 
1.321812e-09 
1.320078e-09 
1.318347e-09 
1.316620e-09 
1.314896e-09 
1.313175e-09 
1.311457e-09 
1.309742e-09 
1.308030e-09 
1.306321e-09 
1.304616e-09 
1.302913e-09 
1.301213e-09 
1.299517e-09 
1.297824e-09 
1.296133e-09 
1.294446e-09 
1.292762e-09 
1.291080e-09 
1.289402e-09 
1.287727e-09 
1.286055e-09 
1.284386e-09 
1.282719e-09 
1.281056e-09 
1.279396e-09 
1.277739e-09 
1.276084e-09 
1.274433e-09 
1.272785e-09 
1.271139e-09 
1.269497e-09 
1.267857e-09 
1.266221e-09 
1.264587e-09 
1.262956e-09 
1.261328e-09 
1.259703e-09 
1.258081e-09 
1.256462e-09 
1.254845e-09 
1.253232e-09 
1.251621e-09 
1.250014e-09 
1.248409e-09 
1.246807e-09 
1.245208e-09 
1.243611e-09 
1.242018e-09 
1.240427e-09 
1.238839e-09 
1.237254e-09 
1.235672e-09 
1.234093e-09 
1.232516e-09 
1.230942e-09 
1.229371e-09 
1.227803e-09 
1.226238e-09 
1.224675e-09 
1.223115e-09 
1.221558e-09 
1.220003e-09 
1.218451e-09 
1.216902e-09 
1.215356e-09 
1.213813e-09 
1.212272e-09 
1.210734e-09 
1.209198e-09 
1.207666e-09 
1.206136e-09 
1.204608e-09 
1.203084e-09 
1.201562e-09 
1.200042e-09 
1.198526e-09 
1.197012e-09 
1.195501e-09 
1.193992e-09 
1.192486e-09 
1.190983e-09 
1.189482e-09 
1.187984e-09 
1.186488e-09 
1.184995e-09 
1.183505e-09 
1.182017e-09 
1.180532e-09 
1.179050e-09 
1.177570e-09 
1.176092e-09 
1.174618e-09 
1.173146e-09 
1.171676e-09 
1.170209e-09 
1.168744e-09 
1.167282e-09 
1.165823e-09 
1.164366e-09 
1.162912e-09 
1.161460e-09 
1.160011e-09 
1.158564e-09 
1.157120e-09 
1.155678e-09 
1.154238e-09 
1.152802e-09 
1.151367e-09 
1.149936e-09 
1.148506e-09 
1.147079e-09 
1.145655e-09 
1.144233e-09 
1.142813e-09 
1.141396e-09 
1.139982e-09 
1.138570e-09 
1.137160e-09 
1.135753e-09 
1.134348e-09 
1.132945e-09 
1.131545e-09 
1.130148e-09 
1.128753e-09 
1.127360e-09 
1.125969e-09 
1.124581e-09 
1.123196e-09 
1.121812e-09 
1.120431e-09 
1.119053e-09 
1.117677e-09 
1.116303e-09 
1.114931e-09 
1.113562e-09 
1.112196e-09 
1.110831e-09 
1.109469e-09 
1.108109e-09 
1.106752e-09 
1.105397e-09 
1.104044e-09 
1.102693e-09 
1.101345e-09 
1.099999e-09 
1.098656e-09 
1.097314e-09 
1.095975e-09 
1.094639e-09 
1.093304e-09 
1.091972e-09 
1.090642e-09 
1.089314e-09 
1.087989e-09 
1.086666e-09 
1.085345e-09 
1.084026e-09 
1.082710e-09 
1.081396e-09 
1.080084e-09 
1.078774e-09 
1.077466e-09 
1.076161e-09 
1.074858e-09 
1.073557e-09 
1.072258e-09 
1.070962e-09 
1.069667e-09 
1.068375e-09 
1.067085e-09 
1.065798e-09 
1.064512e-09 
1.063229e-09 
1.061947e-09 
1.060668e-09 
1.059391e-09 
1.058116e-09 
1.056844e-09 
1.055573e-09 
1.054305e-09 
1.053039e-09 
1.051774e-09 
1.050512e-09 
1.049253e-09 
1.047995e-09 
1.046739e-09 
1.045486e-09 
1.044234e-09 
1.042985e-09 
1.041738e-09 
1.040492e-09 
1.039249e-09 
1.038008e-09 
1.036769e-09 
1.035532e-09 
1.034298e-09 
1.033065e-09 
1.031834e-09 
1.030606e-09 
1.029379e-09 
1.028155e-09 
1.026932e-09 
1.025712e-09 
1.024493e-09 
1.023277e-09 
1.022062e-09 
1.020850e-09 
1.019640e-09 
1.018431e-09 
1.017225e-09 
1.016021e-09 
1.014818e-09 
1.013618e-09 
1.012420e-09 
1.011224e-09 
1.010029e-09 
1.008837e-09 
1.007646e-09 
1.006458e-09 
1.005272e-09 
1.004087e-09 
1.002905e-09 
1.001724e-09 
1.000545e-09 
9.993686e-10 
9.981939e-10 
9.970211e-10 
9.958502e-10 
9.946813e-10 
9.935143e-10 
9.923492e-10 
9.911860e-10 
9.900248e-10 
9.888654e-10 
9.877080e-10 
9.865525e-10 
9.853988e-10 
9.842471e-10 
9.830972e-10 
9.819493e-10 
9.808032e-10 
9.796590e-10 
9.785167e-10 
9.773763e-10 
9.762377e-10 
9.751010e-10 
9.739662e-10 
9.728332e-10 
9.717020e-10 
9.705727e-10 
9.694453e-10 
9.683197e-10 
9.671960e-10 
9.660740e-10 
9.649539e-10 
9.638357e-10 
9.627192e-10 
9.616046e-10 
9.604918e-10 
9.593808e-10 
9.582717e-10 
9.571643e-10 
9.560587e-10 
9.549549e-10 
9.538530e-10 
9.527528e-10 
9.516544e-10 
9.505577e-10 
9.494629e-10 
9.483698e-10 
9.472786e-10 
9.461890e-10 
9.451013e-10 
9.440153e-10 
9.429311e-10 
9.418486e-10 
9.407679e-10 
9.396889e-10 
9.386117e-10 
9.375362e-10 
9.364624e-10 
9.353904e-10 
9.343201e-10 
9.332516e-10 
9.321847e-10 
9.311196e-10 
9.300562e-10 
9.289945e-10 
9.279345e-10 
9.268763e-10 
9.258197e-10 
9.247648e-10 
9.237117e-10 
9.226602e-10 
9.216104e-10 
9.205623e-10 
9.195159e-10 
9.184712e-10 
9.174281e-10 
9.163867e-10 
9.153470e-10 
9.143089e-10 
9.132725e-10 
9.122378e-10 
9.112047e-10 
9.101733e-10 
9.091435e-10 
9.081154e-10 
9.070889e-10 
9.060641e-10 
9.050409e-10 
9.040193e-10 
9.029994e-10 
9.019811e-10 
9.009644e-10 
8.999493e-10 
8.989358e-10 
8.979240e-10 
8.969138e-10 
8.959052e-10 
8.948981e-10 
8.938927e-10 
8.928889e-10 
8.918867e-10 
8.908861e-10 
8.898870e-10 
8.888896e-10 
8.878937e-10 
8.868994e-10 
8.859067e-10 
8.849155e-10 
8.839260e-10 
8.829380e-10 
8.819515e-10 
8.809666e-10 
8.799833e-10 
8.790015e-10 
8.780213e-10 
8.770426e-10 
8.760655e-10 
8.750899e-10 
8.741159e-10 
8.731434e-10 
8.721724e-10 
8.712030e-10 
8.702351e-10 
8.692687e-10 
8.683038e-10 
8.673405e-10 
8.663786e-10 
8.654183e-10 
8.644595e-10 
8.635022e-10 
8.625464e-10 
8.615921e-10 
8.606393e-10 
8.596880e-10 
8.587381e-10 
8.577898e-10 
8.568430e-10 
8.558976e-10 
8.549537e-10 
8.540113e-10 
8.530704e-10 
8.521309e-10 
8.511930e-10 
8.502564e-10 
8.493214e-10 
8.483878e-10 
8.474556e-10 
8.465250e-10 
8.455957e-10 
8.446679e-10 
8.437416e-10 
8.428167e-10 
8.418933e-10 
8.409712e-10 
8.400507e-10 
8.391315e-10 
8.382138e-10 
8.372975e-10 
8.363826e-10 
8.354692e-10 
8.345571e-10 
8.336465e-10 
8.327373e-10 
8.318295e-10 
8.309232e-10 
8.300182e-10 
8.291146e-10 
8.282124e-10 
8.273116e-10 
8.264123e-10 
8.255143e-10 
8.246177e-10 
8.237224e-10 
8.228286e-10 
8.219361e-10 
8.210451e-10 
8.201554e-10 
8.192670e-10 
8.183801e-10 
8.174945e-10 
8.166102e-10 
8.157274e-10 
8.148459e-10 
8.139657e-10 
8.130869e-10 
8.122095e-10 
8.113334e-10 
8.104586e-10 
8.095852e-10 
8.087132e-10 
8.078424e-10 
8.069730e-10 
8.061050e-10 
8.052383e-10 
8.043729e-10 
8.035088e-10 
8.026460e-10 
