   2.48318805092e+08    7.60159607423e+09    2.53386535808e+06    1.16500000000e+00 
2903 
4.126211e-05 
4.042913e-05 
3.962070e-05 
3.883590e-05 
3.807382e-05 
3.733361e-05 
3.661446e-05 
3.591560e-05 
3.523627e-05 
3.457579e-05 
3.393390e-05 
3.330975e-05 
3.270247e-05 
3.211146e-05 
3.153614e-05 
3.097598e-05 
3.043046e-05 
2.989906e-05 
2.938132e-05 
2.887678e-05 
2.838500e-05 
2.790555e-05 
2.743804e-05 
2.698208e-05 
2.653752e-05 
2.610382e-05 
2.568059e-05 
2.526750e-05 
2.486421e-05 
2.447044e-05 
2.408588e-05 
2.371025e-05 
2.334327e-05 
2.298470e-05 
2.263427e-05 
2.229174e-05 
2.195688e-05 
2.162947e-05 
2.130928e-05 
2.099615e-05 
2.068995e-05 
2.039037e-05 
2.009722e-05 
1.981031e-05 
1.952947e-05 
1.925454e-05 
1.898535e-05 
1.872173e-05 
1.846355e-05 
1.821064e-05 
1.796288e-05 
1.772012e-05 
1.748222e-05 
1.724907e-05 
1.702053e-05 
1.679648e-05 
1.657682e-05 
1.636142e-05 
1.615019e-05 
1.594301e-05 
1.573978e-05 
1.554040e-05 
1.534477e-05 
1.515280e-05 
1.496440e-05 
1.477948e-05 
1.459796e-05 
1.441975e-05 
1.424477e-05 
1.407296e-05 
1.390422e-05 
1.373850e-05 
1.357571e-05 
1.341579e-05 
1.325868e-05 
1.310430e-05 
1.295260e-05 
1.280354e-05 
1.265703e-05 
1.251302e-05 
1.237145e-05 
1.223227e-05 
1.209542e-05 
1.196084e-05 
1.182850e-05 
1.169834e-05 
1.157031e-05 
1.144437e-05 
1.132047e-05 
1.119857e-05 
1.107862e-05 
1.096059e-05 
1.084443e-05 
1.073011e-05 
1.061759e-05 
1.050682e-05 
1.039777e-05 
1.029042e-05 
1.018471e-05 
1.008063e-05 
9.978125e-06 
9.877180e-06 
9.777756e-06 
9.679826e-06 
9.583358e-06 
9.488324e-06 
9.394695e-06 
9.302445e-06 
9.211546e-06 
9.121972e-06 
9.033697e-06 
8.946696e-06 
8.860946e-06 
8.776421e-06 
8.693100e-06 
8.610959e-06 
8.529976e-06 
8.450130e-06 
8.371399e-06 
8.293762e-06 
8.217200e-06 
8.141693e-06 
8.067222e-06 
7.993765e-06 
7.921305e-06 
7.849825e-06 
7.779308e-06 
7.709737e-06 
7.641094e-06 
7.573364e-06 
7.506530e-06 
7.440577e-06 
7.375489e-06 
7.311251e-06 
7.247848e-06 
7.185267e-06 
7.123492e-06 
7.062510e-06 
7.002308e-06 
6.942873e-06 
6.884191e-06 
6.826249e-06 
6.769036e-06 
6.712539e-06 
6.656747e-06 
6.601647e-06 
6.547228e-06 
6.493480e-06 
6.440391e-06 
6.387950e-06 
6.336146e-06 
6.284971e-06 
6.234413e-06 
6.184463e-06 
6.135110e-06 
6.086346e-06 
6.038161e-06 
5.990547e-06 
5.943493e-06 
5.896991e-06 
5.851034e-06 
5.805611e-06 
5.760716e-06 
5.716339e-06 
5.672473e-06 
5.629111e-06 
5.586244e-06 
5.543864e-06 
5.501966e-06 
5.460540e-06 
5.419581e-06 
5.379081e-06 
5.339034e-06 
5.299432e-06 
5.260269e-06 
5.221539e-06 
5.183235e-06 
5.145352e-06 
5.107882e-06 
5.070818e-06 
5.034155e-06 
4.997888e-06 
4.962012e-06 
4.926521e-06 
4.891409e-06 
4.856672e-06 
4.822303e-06 
4.788298e-06 
4.754652e-06 
4.721359e-06 
4.688415e-06 
4.655814e-06 
4.623552e-06 
4.591625e-06 
4.560028e-06 
4.528755e-06 
4.497803e-06 
4.467168e-06 
4.436845e-06 
4.406829e-06 
4.377118e-06 
4.347706e-06 
4.318589e-06 
4.289764e-06 
4.261227e-06 
4.232974e-06 
4.205001e-06 
4.177304e-06 
4.149881e-06 
4.122726e-06 
4.095838e-06 
4.069212e-06 
4.042844e-06 
4.016731e-06 
3.990871e-06 
3.965260e-06 
3.939895e-06 
3.914772e-06 
3.889890e-06 
3.865243e-06 
3.840831e-06 
3.816649e-06 
3.792695e-06 
3.768965e-06 
3.745458e-06 
3.722170e-06 
3.699099e-06 
3.676242e-06 
3.653596e-06 
3.631159e-06 
3.608928e-06 
3.586901e-06 
3.565074e-06 
3.543447e-06 
3.522016e-06 
3.500779e-06 
3.479733e-06 
3.458877e-06 
3.438208e-06 
3.417723e-06 
3.397422e-06 
3.377301e-06 
3.357358e-06 
3.337591e-06 
3.317998e-06 
3.298578e-06 
3.279328e-06 
3.260245e-06 
3.241329e-06 
3.222575e-06 
3.203984e-06 
3.185554e-06 
3.167282e-06 
3.149167e-06 
3.131207e-06 
3.113400e-06 
3.095745e-06 
3.078240e-06 
3.060883e-06 
3.043672e-06 
3.026606e-06 
3.009684e-06 
2.992903e-06 
2.976262e-06 
2.959759e-06 
2.943394e-06 
2.927164e-06 
2.911068e-06 
2.895104e-06 
2.879271e-06 
2.863568e-06 
2.847994e-06 
2.832546e-06 
2.817223e-06 
2.802025e-06 
2.786949e-06 
2.771994e-06 
2.757160e-06 
2.742445e-06 
2.727847e-06 
2.713365e-06 
2.698999e-06 
2.684746e-06 
2.670606e-06 
2.656578e-06 
2.642660e-06 
2.628851e-06 
2.615150e-06 
2.601555e-06 
2.588066e-06 
2.574682e-06 
2.561402e-06 
2.548224e-06 
2.535148e-06 
2.522172e-06 
2.509295e-06 
2.496517e-06 
2.483837e-06 
2.471252e-06 
2.458764e-06 
2.446369e-06 
2.434069e-06 
2.421861e-06 
2.409744e-06 
2.397718e-06 
2.385782e-06 
2.373936e-06 
2.362177e-06 
2.350505e-06 
2.338920e-06 
2.327420e-06 
2.316005e-06 
2.304674e-06 
2.293425e-06 
2.282259e-06 
2.271175e-06 
2.260171e-06 
2.249246e-06 
2.238401e-06 
2.227634e-06 
2.216945e-06 
2.206333e-06 
2.195796e-06 
2.185335e-06 
2.174949e-06 
2.164636e-06 
2.154397e-06 
2.144230e-06 
2.134135e-06 
2.124111e-06 
2.114158e-06 
2.104274e-06 
2.094460e-06 
2.084713e-06 
2.075035e-06 
2.065424e-06 
2.055879e-06 
2.046400e-06 
2.036987e-06 
2.027639e-06 
2.018355e-06 
2.009135e-06 
1.999977e-06 
1.990883e-06 
1.981850e-06 
1.972878e-06 
1.963968e-06 
1.955117e-06 
1.946327e-06 
1.937595e-06 
1.928922e-06 
1.920308e-06 
1.911751e-06 
1.903251e-06 
1.894807e-06 
1.886420e-06 
1.878089e-06 
1.869812e-06 
1.861590e-06 
1.853422e-06 
1.845308e-06 
1.837247e-06 
1.829239e-06 
1.821283e-06 
1.813379e-06 
1.805526e-06 
1.797725e-06 
1.789973e-06 
1.782272e-06 
1.774621e-06 
1.767018e-06 
1.759464e-06 
1.751959e-06 
1.744502e-06 
1.737092e-06 
1.729729e-06 
1.722414e-06 
1.715144e-06 
1.707920e-06 
1.700742e-06 
1.693609e-06 
1.686521e-06 
1.679477e-06 
1.672478e-06 
1.665521e-06 
1.658609e-06 
1.651739e-06 
1.644912e-06 
1.638127e-06 
1.631384e-06 
1.624682e-06 
1.618022e-06 
1.611403e-06 
1.604824e-06 
1.598286e-06 
1.591787e-06 
1.585328e-06 
1.578908e-06 
1.572527e-06 
1.566185e-06 
1.559881e-06 
1.553615e-06 
1.547387e-06 
1.541196e-06 
1.535043e-06 
1.528926e-06 
1.522846e-06 
1.516801e-06 
1.510793e-06 
1.504821e-06 
1.498883e-06 
1.492981e-06 
1.487114e-06 
1.481281e-06 
1.475483e-06 
1.469718e-06 
1.463988e-06 
1.458290e-06 
1.452626e-06 
1.446995e-06 
1.441397e-06 
1.435831e-06 
1.430297e-06 
1.424795e-06 
1.419325e-06 
1.413886e-06 
1.408479e-06 
1.403102e-06 
1.397757e-06 
1.392442e-06 
1.387157e-06 
1.381902e-06 
1.376677e-06 
1.371481e-06 
1.366315e-06 
1.361178e-06 
1.356070e-06 
1.350991e-06 
1.345940e-06 
1.340917e-06 
1.335922e-06 
1.330955e-06 
1.326016e-06 
1.321104e-06 
1.316220e-06 
1.311362e-06 
1.306532e-06 
1.301728e-06 
1.296950e-06 
1.292199e-06 
1.287474e-06 
1.282775e-06 
1.278101e-06 
1.273453e-06 
1.268831e-06 
1.264233e-06 
1.259660e-06 
1.255113e-06 
1.250589e-06 
1.246091e-06 
1.241616e-06 
1.237166e-06 
1.232739e-06 
1.228336e-06 
1.223957e-06 
1.219601e-06 
1.215268e-06 
1.210959e-06 
1.206672e-06 
1.202408e-06 
1.198166e-06 
1.193947e-06 
1.189751e-06 
1.185576e-06 
1.181423e-06 
1.177292e-06 
1.173183e-06 
1.169095e-06 
1.165029e-06 
1.160984e-06 
1.156959e-06 
1.152956e-06 
1.148973e-06 
1.145012e-06 
1.141070e-06 
1.137149e-06 
1.133248e-06 
1.129367e-06 
1.125506e-06 
1.121665e-06 
1.117843e-06 
1.114041e-06 
1.110258e-06 
1.106495e-06 
1.102751e-06 
1.099025e-06 
1.095319e-06 
1.091631e-06 
1.087962e-06 
1.084311e-06 
1.080679e-06 
1.077064e-06 
1.073468e-06 
1.069890e-06 
1.066330e-06 
1.062787e-06 
1.059263e-06 
1.055755e-06 
1.052265e-06 
1.048793e-06 
1.045337e-06 
1.041899e-06 
1.038477e-06 
1.035073e-06 
1.031685e-06 
1.028313e-06 
1.024959e-06 
1.021620e-06 
1.018298e-06 
1.014992e-06 
1.011702e-06 
1.008428e-06 
1.005170e-06 
1.001928e-06 
9.987017e-07 
9.954908e-07 
9.922952e-07 
9.891151e-07 
9.859502e-07 
9.828005e-07 
9.796659e-07 
9.765463e-07 
9.734415e-07 
9.703516e-07 
9.672763e-07 
9.642156e-07 
9.611695e-07 
9.581377e-07 
9.551203e-07 
9.521172e-07 
9.491282e-07 
9.461532e-07 
9.431922e-07 
9.402451e-07 
9.373118e-07 
9.343922e-07 
9.314863e-07 
9.285938e-07 
9.257149e-07 
9.228493e-07 
9.199970e-07 
9.171579e-07 
9.143320e-07 
9.115190e-07 
9.087191e-07 
9.059320e-07 
9.031578e-07 
9.003963e-07 
8.976474e-07 
8.949111e-07 
8.921873e-07 
8.894759e-07 
8.867768e-07 
8.840900e-07 
8.814153e-07 
8.787528e-07 
8.761023e-07 
8.734638e-07 
8.708372e-07 
8.682224e-07 
8.656194e-07 
8.630281e-07 
8.604484e-07 
8.578803e-07 
8.553236e-07 
8.527784e-07 
8.502445e-07 
8.477219e-07 
8.452105e-07 
8.427103e-07 
8.402211e-07 
8.377430e-07 
8.352758e-07 
8.328195e-07 
8.303740e-07 
8.279393e-07 
8.255153e-07 
8.231019e-07 
8.206991e-07 
8.183068e-07 
8.159249e-07 
8.135535e-07 
8.111924e-07 
8.088415e-07 
8.065008e-07 
8.041703e-07 
8.018499e-07 
7.995395e-07 
7.972391e-07 
7.949486e-07 
7.926680e-07 
7.903972e-07 
7.881361e-07 
7.858847e-07 
7.836430e-07 
7.814108e-07 
7.791882e-07 
7.769750e-07 
7.747713e-07 
7.725769e-07 
7.703918e-07 
7.682160e-07 
7.660494e-07 
7.638920e-07 
7.617437e-07 
7.596044e-07 
7.574741e-07 
7.553528e-07 
7.532404e-07 
7.511368e-07 
7.490420e-07 
7.469560e-07 
7.448787e-07 
7.428101e-07 
7.407500e-07 
7.386985e-07 
7.366556e-07 
7.346211e-07 
7.325949e-07 
7.305772e-07 
7.285677e-07 
7.265666e-07 
7.245737e-07 
7.225890e-07 
7.206124e-07 
7.186439e-07 
7.166835e-07 
7.147311e-07 
7.127867e-07 
7.108502e-07 
7.089216e-07 
7.070008e-07 
7.050878e-07 
7.031826e-07 
7.012851e-07 
6.993953e-07 
6.975131e-07 
6.956384e-07 
6.937714e-07 
6.919118e-07 
6.900597e-07 
6.882151e-07 
6.863778e-07 
6.845479e-07 
6.827253e-07 
6.809100e-07 
6.791019e-07 
6.773010e-07 
6.755072e-07 
6.737206e-07 
6.719411e-07 
6.701686e-07 
6.684031e-07 
6.666445e-07 
6.648930e-07 
6.631483e-07 
6.614104e-07 
6.596794e-07 
6.579552e-07 
6.562377e-07 
6.545270e-07 
6.528229e-07 
6.511255e-07 
6.494347e-07 
6.477505e-07 
6.460728e-07 
6.444016e-07 
6.427369e-07 
6.410787e-07 
6.394269e-07 
6.377814e-07 
6.361423e-07 
6.345095e-07 
6.328830e-07 
6.312627e-07 
6.296487e-07 
6.280408e-07 
6.264391e-07 
6.248435e-07 
6.232540e-07 
6.216706e-07 
6.200932e-07 
6.185218e-07 
6.169563e-07 
6.153968e-07 
6.138432e-07 
6.122954e-07 
6.107536e-07 
6.092175e-07 
6.076872e-07 
6.061627e-07 
6.046439e-07 
6.031308e-07 
6.016234e-07 
6.001216e-07 
5.986255e-07 
5.971349e-07 
5.956499e-07 
5.941705e-07 
5.926965e-07 
5.912280e-07 
5.897650e-07 
5.883074e-07 
5.868552e-07 
5.854084e-07 
5.839669e-07 
5.825308e-07 
5.810999e-07 
5.796743e-07 
5.782540e-07 
5.768388e-07 
5.754289e-07 
5.740241e-07 
5.726244e-07 
5.712299e-07 
5.698405e-07 
5.684561e-07 
5.670767e-07 
5.657024e-07 
5.643331e-07 
5.629687e-07 
5.616093e-07 
5.602548e-07 
5.589052e-07 
5.575605e-07 
5.562206e-07 
5.548855e-07 
5.535553e-07 
5.522298e-07 
5.509091e-07 
5.495931e-07 
5.482819e-07 
5.469753e-07 
5.456734e-07 
5.443761e-07 
5.430834e-07 
5.417954e-07 
5.405119e-07 
5.392330e-07 
5.379586e-07 
5.366888e-07 
5.354234e-07 
5.341625e-07 
5.329060e-07 
5.316540e-07 
5.304064e-07 
5.291632e-07 
5.279243e-07 
5.266898e-07 
5.254596e-07 
5.242337e-07 
5.230121e-07 
5.217948e-07 
5.205817e-07 
5.193728e-07 
5.181681e-07 
5.169677e-07 
5.157714e-07 
5.145792e-07 
5.133912e-07 
5.122073e-07 
5.110274e-07 
5.098517e-07 
5.086800e-07 
5.075123e-07 
5.063487e-07 
5.051890e-07 
5.040334e-07 
5.028817e-07 
5.017339e-07 
5.005901e-07 
4.994502e-07 
4.983141e-07 
4.971820e-07 
4.960536e-07 
4.949292e-07 
4.938085e-07 
4.926917e-07 
4.915786e-07 
4.904693e-07 
4.893638e-07 
4.882620e-07 
4.871639e-07 
4.860695e-07 
4.849788e-07 
4.838918e-07 
4.828084e-07 
4.817287e-07 
4.806526e-07 
4.795800e-07 
4.785111e-07 
4.774457e-07 
4.763839e-07 
4.753257e-07 
4.742709e-07 
4.732197e-07 
4.721719e-07 
4.711277e-07 
4.700868e-07 
4.690495e-07 
4.680156e-07 
4.669850e-07 
4.659579e-07 
4.649342e-07 
4.639138e-07 
4.628968e-07 
4.618832e-07 
4.608729e-07 
4.598658e-07 
4.588621e-07 
4.578617e-07 
4.568645e-07 
4.558706e-07 
4.548799e-07 
4.538925e-07 
4.529082e-07 
4.519272e-07 
4.509493e-07 
4.499747e-07 
4.490031e-07 
4.480347e-07 
4.470695e-07 
4.461074e-07 
4.451483e-07 
4.441924e-07 
4.432395e-07 
4.422897e-07 
4.413430e-07 
4.403992e-07 
4.394586e-07 
4.385209e-07 
4.375862e-07 
4.366545e-07 
4.357258e-07 
4.348000e-07 
4.338772e-07 
4.329573e-07 
4.320404e-07 
4.311264e-07 
4.302152e-07 
4.293070e-07 
4.284016e-07 
4.274991e-07 
4.265994e-07 
4.257025e-07 
4.248085e-07 
4.239173e-07 
4.230290e-07 
4.221434e-07 
4.212605e-07 
4.203805e-07 
4.195032e-07 
4.186286e-07 
4.177568e-07 
4.168877e-07 
4.160213e-07 
4.151576e-07 
4.142966e-07 
4.134383e-07 
4.125826e-07 
4.117296e-07 
4.108793e-07 
4.100315e-07 
4.091864e-07 
4.083439e-07 
4.075040e-07 
4.066667e-07 
4.058320e-07 
4.049998e-07 
4.041702e-07 
4.033432e-07 
4.025187e-07 
4.016967e-07 
4.008772e-07 
4.000602e-07 
3.992457e-07 
3.984337e-07 
3.976242e-07 
3.968172e-07 
3.960126e-07 
3.952104e-07 
3.944107e-07 
3.936134e-07 
3.928185e-07 
3.920261e-07 
3.912360e-07 
3.904483e-07 
3.896630e-07 
3.888801e-07 
3.880995e-07 
3.873213e-07 
3.865454e-07 
3.857718e-07 
3.850005e-07 
3.842316e-07 
3.834650e-07 
3.827006e-07 
3.819386e-07 
3.811788e-07 
3.804213e-07 
3.796660e-07 
3.789130e-07 
3.781623e-07 
3.774137e-07 
3.766674e-07 
3.759233e-07 
3.751814e-07 
3.744417e-07 
3.737041e-07 
3.729688e-07 
3.722356e-07 
3.715046e-07 
3.707757e-07 
3.700490e-07 
3.693244e-07 
3.686019e-07 
3.678816e-07 
3.671634e-07 
3.664472e-07 
3.657332e-07 
3.650212e-07 
3.643114e-07 
3.636036e-07 
3.628978e-07 
3.621941e-07 
3.614925e-07 
3.607929e-07 
3.600953e-07 
3.593997e-07 
3.587062e-07 
3.580146e-07 
3.573251e-07 
3.566376e-07 
3.559520e-07 
3.552684e-07 
3.545868e-07 
3.539071e-07 
3.532294e-07 
3.525536e-07 
3.518798e-07 
3.512079e-07 
3.505379e-07 
3.498699e-07 
3.492037e-07 
3.485395e-07 
3.478771e-07 
3.472167e-07 
3.465581e-07 
3.459013e-07 
3.452465e-07 
3.445935e-07 
3.439423e-07 
3.432930e-07 
3.426456e-07 
3.419999e-07 
3.413561e-07 
3.407141e-07 
3.400740e-07 
3.394356e-07 
3.387990e-07 
3.381642e-07 
3.375312e-07 
3.368999e-07 
3.362705e-07 
3.356428e-07 
3.350168e-07 
3.343926e-07 
3.337702e-07 
3.331495e-07 
3.325305e-07 
3.319132e-07 
3.312977e-07 
3.306838e-07 
3.300717e-07 
3.294613e-07 
3.288525e-07 
3.282455e-07 
3.276401e-07 
3.270364e-07 
3.264344e-07 
3.258340e-07 
3.252353e-07 
3.246382e-07 
3.240428e-07 
3.234490e-07 
3.228569e-07 
3.222664e-07 
3.216775e-07 
3.210902e-07 
3.205045e-07 
3.199204e-07 
3.193379e-07 
3.187570e-07 
3.181777e-07 
3.175999e-07 
3.170238e-07 
3.164492e-07 
3.158761e-07 
3.153047e-07 
3.147347e-07 
3.141663e-07 
3.135995e-07 
3.130342e-07 
3.124704e-07 
3.119081e-07 
3.113474e-07 
3.107881e-07 
3.102304e-07 
3.096742e-07 
3.091194e-07 
3.085662e-07 
3.080144e-07 
3.074641e-07 
3.069153e-07 
3.063680e-07 
3.058221e-07 
3.052777e-07 
3.047347e-07 
3.041932e-07 
3.036531e-07 
3.031144e-07 
3.025772e-07 
3.020415e-07 
3.015071e-07 
3.009741e-07 
3.004426e-07 
2.999125e-07 
2.993838e-07 
2.988564e-07 
2.983305e-07 
2.978060e-07 
2.972828e-07 
2.967610e-07 
2.962406e-07 
2.957215e-07 
2.952039e-07 
2.946875e-07 
2.941726e-07 
2.936589e-07 
2.931467e-07 
2.926357e-07 
2.921261e-07 
2.916179e-07 
2.911109e-07 
2.906053e-07 
2.901010e-07 
2.895980e-07 
2.890963e-07 
2.885959e-07 
2.880968e-07 
2.875990e-07 
2.871025e-07 
2.866073e-07 
2.861133e-07 
2.856207e-07 
2.851293e-07 
2.846392e-07 
2.841503e-07 
2.836627e-07 
2.831763e-07 
2.826912e-07 
2.822074e-07 
2.817248e-07 
2.812434e-07 
2.807632e-07 
2.802843e-07 
2.798066e-07 
2.793302e-07 
2.788549e-07 
2.783809e-07 
2.779080e-07 
2.774364e-07 
2.769660e-07 
2.764968e-07 
2.760287e-07 
2.755619e-07 
2.750962e-07 
2.746317e-07 
2.741684e-07 
2.737062e-07 
2.732453e-07 
2.727854e-07 
2.723268e-07 
2.718693e-07 
2.714130e-07 
2.709578e-07 
2.705037e-07 
2.700508e-07 
2.695990e-07 
2.691484e-07 
2.686989e-07 
2.682505e-07 
2.678032e-07 
2.673571e-07 
2.669120e-07 
2.664681e-07 
2.660253e-07 
2.655836e-07 
2.651430e-07 
2.647034e-07 
2.642650e-07 
2.638277e-07 
2.633914e-07 
2.629563e-07 
2.625222e-07 
2.620891e-07 
2.616572e-07 
2.612263e-07 
2.607965e-07 
2.603677e-07 
2.599400e-07 
2.595134e-07 
2.590878e-07 
2.586632e-07 
2.582397e-07 
2.578173e-07 
2.573958e-07 
2.569754e-07 
2.565560e-07 
2.561377e-07 
2.557204e-07 
2.553041e-07 
2.548888e-07 
2.544745e-07 
2.540612e-07 
2.536490e-07 
2.532377e-07 
2.528275e-07 
2.524182e-07 
2.520099e-07 
2.516027e-07 
2.511964e-07 
2.507911e-07 
2.503867e-07 
2.499834e-07 
2.495810e-07 
2.491796e-07 
2.487792e-07 
2.483797e-07 
2.479812e-07 
2.475836e-07 
2.471870e-07 
2.467914e-07 
2.463967e-07 
2.460029e-07 
2.456101e-07 
2.452183e-07 
2.448273e-07 
2.444373e-07 
2.440483e-07 
2.436601e-07 
2.432729e-07 
2.428866e-07 
2.425013e-07 
2.421168e-07 
2.417333e-07 
2.413507e-07 
2.409689e-07 
2.405881e-07 
2.402082e-07 
2.398292e-07 
2.394511e-07 
2.390739e-07 
2.386975e-07 
2.383221e-07 
2.379475e-07 
2.375739e-07 
2.372011e-07 
2.368291e-07 
2.364581e-07 
2.360879e-07 
2.357186e-07 
2.353502e-07 
2.349826e-07 
2.346159e-07 
2.342500e-07 
2.338850e-07 
2.335209e-07 
2.331576e-07 
2.327951e-07 
2.324335e-07 
2.320728e-07 
2.317128e-07 
2.313537e-07 
2.309955e-07 
2.306381e-07 
2.302815e-07 
2.299257e-07 
2.295708e-07 
2.292166e-07 
2.288633e-07 
2.285108e-07 
2.281592e-07 
2.278083e-07 
2.274583e-07 
2.271090e-07 
2.267606e-07 
2.264129e-07 
2.260661e-07 
2.257200e-07 
2.253748e-07 
2.250303e-07 
2.246867e-07 
2.243438e-07 
2.240017e-07 
2.236604e-07 
2.233198e-07 
2.229801e-07 
2.226411e-07 
2.223029e-07 
2.219654e-07 
2.216287e-07 
2.212928e-07 
2.209577e-07 
2.206233e-07 
2.202897e-07 
2.199568e-07 
2.196247e-07 
2.192933e-07 
2.189627e-07 
2.186328e-07 
2.183037e-07 
2.179753e-07 
2.176477e-07 
2.173208e-07 
2.169946e-07 
2.166692e-07 
2.163445e-07 
2.160205e-07 
2.156973e-07 
2.153748e-07 
2.150530e-07 
2.147319e-07 
2.144115e-07 
2.140919e-07 
2.137730e-07 
2.134548e-07 
2.131373e-07 
2.128205e-07 
2.125044e-07 
2.121890e-07 
2.118743e-07 
2.115603e-07 
2.112470e-07 
2.109344e-07 
2.106226e-07 
2.103113e-07 
2.100008e-07 
2.096910e-07 
2.093819e-07 
2.090734e-07 
2.087656e-07 
2.084585e-07 
2.081521e-07 
2.078463e-07 
2.075413e-07 
2.072369e-07 
2.069331e-07 
2.066301e-07 
2.063277e-07 
2.060259e-07 
2.057249e-07 
2.054244e-07 
2.051247e-07 
2.048256e-07 
2.045271e-07 
2.042293e-07 
2.039322e-07 
2.036357e-07 
2.033398e-07 
2.030446e-07 
2.027501e-07 
2.024561e-07 
2.021629e-07 
2.018702e-07 
2.015782e-07 
2.012868e-07 
2.009961e-07 
2.007059e-07 
2.004165e-07 
2.001276e-07 
1.998393e-07 
1.995517e-07 
1.992647e-07 
1.989783e-07 
1.986926e-07 
1.984074e-07 
1.981229e-07 
1.978390e-07 
1.975557e-07 
1.972730e-07 
1.969909e-07 
1.967094e-07 
1.964285e-07 
1.961482e-07 
1.958685e-07 
1.955894e-07 
1.953109e-07 
1.950330e-07 
1.947557e-07 
1.944790e-07 
1.942029e-07 
1.939273e-07 
1.936524e-07 
1.933780e-07 
1.931042e-07 
1.928310e-07 
1.925584e-07 
1.922863e-07 
1.920149e-07 
1.917440e-07 
1.914737e-07 
1.912039e-07 
1.909347e-07 
1.906661e-07 
1.903981e-07 
1.901306e-07 
1.898637e-07 
1.895973e-07 
1.893315e-07 
1.890663e-07 
1.888016e-07 
1.885374e-07 
1.882739e-07 
1.880108e-07 
1.877484e-07 
1.874865e-07 
1.872251e-07 
1.869643e-07 
1.867040e-07 
1.864442e-07 
1.861850e-07 
1.859264e-07 
1.856683e-07 
1.854107e-07 
1.851536e-07 
1.848971e-07 
1.846411e-07 
1.843857e-07 
1.841308e-07 
1.838764e-07 
1.836225e-07 
1.833692e-07 
1.831164e-07 
1.828641e-07 
1.826123e-07 
1.823611e-07 
1.821103e-07 
1.818601e-07 
1.816104e-07 
1.813612e-07 
1.811126e-07 
1.808644e-07 
1.806167e-07 
1.803696e-07 
1.801230e-07 
1.798768e-07 
1.796312e-07 
1.793861e-07 
1.791415e-07 
1.788973e-07 
1.786537e-07 
1.784106e-07 
1.781680e-07 
1.779258e-07 
1.776842e-07 
1.774430e-07 
1.772024e-07 
1.769622e-07 
1.767225e-07 
1.764833e-07 
1.762446e-07 
1.760064e-07 
1.757687e-07 
1.755314e-07 
1.752946e-07 
1.750583e-07 
1.748225e-07 
1.745871e-07 
1.743523e-07 
1.741179e-07 
1.738839e-07 
1.736505e-07 
1.734175e-07 
1.731850e-07 
1.729529e-07 
1.727213e-07 
1.724902e-07 
1.722596e-07 
1.720294e-07 
1.717996e-07 
1.715704e-07 
1.713416e-07 
1.711132e-07 
1.708853e-07 
1.706579e-07 
1.704309e-07 
1.702043e-07 
1.699782e-07 
1.697526e-07 
1.695274e-07 
1.693027e-07 
1.690784e-07 
1.688545e-07 
1.686311e-07 
1.684082e-07 
1.681857e-07 
1.679636e-07 
1.677420e-07 
1.675208e-07 
1.673000e-07 
1.670797e-07 
1.668598e-07 
1.666403e-07 
1.664213e-07 
1.662027e-07 
1.659845e-07 
1.657668e-07 
1.655495e-07 
1.653326e-07 
1.651162e-07 
1.649002e-07 
1.646846e-07 
1.644694e-07 
1.642546e-07 
1.640403e-07 
1.638264e-07 
1.636129e-07 
1.633998e-07 
1.631871e-07 
1.629749e-07 
1.627630e-07 
1.625516e-07 
1.623406e-07 
1.621300e-07 
1.619198e-07 
1.617100e-07 
1.615006e-07 
1.612917e-07 
1.610831e-07 
1.608749e-07 
1.606672e-07 
1.604598e-07 
1.602529e-07 
1.600463e-07 
1.598402e-07 
1.596344e-07 
1.594290e-07 
1.592241e-07 
1.590195e-07 
1.588153e-07 
1.586115e-07 
1.584082e-07 
1.582052e-07 
1.580026e-07 
1.578003e-07 
1.575985e-07 
1.573971e-07 
1.571960e-07 
1.569953e-07 
1.567950e-07 
1.565951e-07 
1.563956e-07 
1.561965e-07 
1.559977e-07 
1.557993e-07 
1.556013e-07 
1.554037e-07 
1.552064e-07 
1.550096e-07 
1.548131e-07 
1.546169e-07 
1.544212e-07 
1.542258e-07 
1.540308e-07 
1.538361e-07 
1.536419e-07 
1.534479e-07 
1.532544e-07 
1.530612e-07 
1.528684e-07 
1.526760e-07 
1.524839e-07 
1.522922e-07 
1.521008e-07 
1.519098e-07 
1.517192e-07 
1.515289e-07 
1.513390e-07 
1.511494e-07 
1.509602e-07 
1.507713e-07 
1.505828e-07 
1.503947e-07 
1.502069e-07 
1.500194e-07 
1.498324e-07 
1.496456e-07 
1.494592e-07 
1.492732e-07 
1.490875e-07 
1.489021e-07 
1.487171e-07 
1.485325e-07 
1.483481e-07 
1.481642e-07 
1.479805e-07 
1.477972e-07 
1.476143e-07 
1.474317e-07 
1.472494e-07 
1.470675e-07 
1.468859e-07 
1.467046e-07 
1.465237e-07 
1.463431e-07 
1.461628e-07 
1.459829e-07 
1.458033e-07 
1.456240e-07 
1.454451e-07 
1.452665e-07 
1.450882e-07 
1.449103e-07 
1.447327e-07 
1.445554e-07 
1.443784e-07 
1.442018e-07 
1.440254e-07 
1.438495e-07 
1.436738e-07 
1.434984e-07 
1.433234e-07 
1.431487e-07 
1.429743e-07 
1.428002e-07 
1.426265e-07 
1.424530e-07 
1.422799e-07 
1.421071e-07 
1.419346e-07 
1.417624e-07 
1.415906e-07 
1.414190e-07 
1.412478e-07 
1.410769e-07 
1.409062e-07 
1.407359e-07 
1.405659e-07 
1.403962e-07 
1.402269e-07 
1.400578e-07 
1.398890e-07 
1.397205e-07 
1.395524e-07 
1.393845e-07 
1.392170e-07 
1.390497e-07 
1.388827e-07 
1.387161e-07 
1.385497e-07 
1.383837e-07 
1.382179e-07 
1.380525e-07 
1.378873e-07 
1.377224e-07 
1.375579e-07 
1.373936e-07 
1.372296e-07 
1.370659e-07 
1.369025e-07 
1.367394e-07 
1.365766e-07 
1.364141e-07 
1.362519e-07 
1.360899e-07 
1.359283e-07 
1.357669e-07 
1.356058e-07 
1.354450e-07 
1.352845e-07 
1.351243e-07 
1.349644e-07 
1.348047e-07 
1.346454e-07 
1.344863e-07 
1.343275e-07 
1.341689e-07 
1.340107e-07 
1.338527e-07 
1.336950e-07 
1.335376e-07 
1.333805e-07 
1.332237e-07 
1.330671e-07 
1.329108e-07 
1.327548e-07 
1.325990e-07 
1.324435e-07 
1.322883e-07 
1.321334e-07 
1.319788e-07 
1.318244e-07 
1.316703e-07 
1.315164e-07 
1.313628e-07 
1.312095e-07 
1.310565e-07 
1.309037e-07 
1.307512e-07 
1.305990e-07 
1.304470e-07 
1.302953e-07 
1.301439e-07 
1.299927e-07 
1.298418e-07 
1.296911e-07 
1.295407e-07 
1.293906e-07 
1.292408e-07 
1.290911e-07 
1.289418e-07 
1.287927e-07 
1.286439e-07 
1.284953e-07 
1.283470e-07 
1.281989e-07 
1.280511e-07 
1.279036e-07 
1.277563e-07 
1.276093e-07 
1.274625e-07 
1.273160e-07 
1.271697e-07 
1.270237e-07 
1.268779e-07 
1.267324e-07 
1.265871e-07 
1.264421e-07 
1.262973e-07 
1.261528e-07 
1.260085e-07 
1.258645e-07 
1.257207e-07 
1.255771e-07 
1.254338e-07 
1.252908e-07 
1.251480e-07 
1.250054e-07 
1.248631e-07 
1.247210e-07 
1.245792e-07 
1.244376e-07 
1.242963e-07 
1.241552e-07 
1.240143e-07 
1.238737e-07 
1.237333e-07 
1.235932e-07 
1.234532e-07 
1.233136e-07 
1.231741e-07 
1.230349e-07 
1.228960e-07 
1.227572e-07 
1.226187e-07 
1.224805e-07 
1.223425e-07 
1.222047e-07 
1.220671e-07 
1.219298e-07 
1.217927e-07 
1.216558e-07 
1.215192e-07 
1.213828e-07 
1.212466e-07 
1.211107e-07 
1.209749e-07 
1.208395e-07 
1.207042e-07 
1.205692e-07 
1.204344e-07 
1.202998e-07 
1.201654e-07 
1.200313e-07 
1.198974e-07 
1.197637e-07 
1.196302e-07 
1.194970e-07 
1.193640e-07 
1.192312e-07 
1.190986e-07 
1.189663e-07 
1.188341e-07 
1.187022e-07 
1.185705e-07 
1.184391e-07 
1.183078e-07 
1.181768e-07 
1.180460e-07 
1.179154e-07 
1.177850e-07 
1.176548e-07 
1.175249e-07 
1.173951e-07 
1.172656e-07 
1.171363e-07 
1.170072e-07 
1.168783e-07 
1.167497e-07 
1.166212e-07 
1.164930e-07 
1.163649e-07 
1.162371e-07 
1.161095e-07 
1.159821e-07 
1.158549e-07 
1.157279e-07 
1.156012e-07 
1.154746e-07 
1.153483e-07 
1.152221e-07 
1.150962e-07 
1.149704e-07 
1.148449e-07 
1.147196e-07 
1.145945e-07 
1.144695e-07 
1.143448e-07 
1.142203e-07 
1.140960e-07 
1.139719e-07 
1.138480e-07 
1.137243e-07 
1.136008e-07 
1.134775e-07 
1.133545e-07 
1.132316e-07 
1.131089e-07 
1.129864e-07 
1.128641e-07 
1.127420e-07 
1.126201e-07 
1.124984e-07 
1.123769e-07 
1.122556e-07 
1.121345e-07 
1.120136e-07 
1.118928e-07 
1.117723e-07 
1.116520e-07 
1.115318e-07 
1.114119e-07 
1.112922e-07 
1.111726e-07 
1.110532e-07 
1.109341e-07 
1.108151e-07 
1.106963e-07 
1.105777e-07 
1.104593e-07 
1.103411e-07 
1.102231e-07 
1.101052e-07 
1.099876e-07 
1.098701e-07 
1.097529e-07 
1.096358e-07 
1.095189e-07 
1.094022e-07 
1.092856e-07 
1.091693e-07 
1.090532e-07 
1.089372e-07 
1.088214e-07 
1.087058e-07 
1.085904e-07 
1.084752e-07 
1.083601e-07 
1.082453e-07 
1.081306e-07 
1.080161e-07 
1.079018e-07 
1.077876e-07 
1.076737e-07 
1.075599e-07 
1.074463e-07 
1.073329e-07 
1.072197e-07 
1.071066e-07 
1.069938e-07 
1.068811e-07 
1.067685e-07 
1.066562e-07 
1.065440e-07 
1.064320e-07 
1.063202e-07 
1.062086e-07 
1.060971e-07 
1.059859e-07 
1.058748e-07 
1.057638e-07 
1.056531e-07 
1.055425e-07 
1.054321e-07 
1.053218e-07 
1.052118e-07 
1.051019e-07 
1.049921e-07 
1.048826e-07 
1.047732e-07 
1.046640e-07 
1.045550e-07 
1.044461e-07 
1.043374e-07 
1.042289e-07 
1.041205e-07 
1.040123e-07 
1.039043e-07 
1.037965e-07 
1.036888e-07 
1.035813e-07 
1.034739e-07 
1.033667e-07 
1.032597e-07 
1.031529e-07 
1.030462e-07 
1.029397e-07 
1.028333e-07 
1.027271e-07 
1.026211e-07 
1.025153e-07 
1.024096e-07 
1.023040e-07 
1.021987e-07 
1.020934e-07 
1.019884e-07 
1.018835e-07 
1.017788e-07 
1.016742e-07 
1.015698e-07 
1.014656e-07 
1.013615e-07 
1.012576e-07 
1.011538e-07 
1.010502e-07 
1.009468e-07 
1.008435e-07 
1.007404e-07 
1.006374e-07 
1.005346e-07 
1.004320e-07 
1.003295e-07 
1.002272e-07 
1.001250e-07 
1.000230e-07 
9.992109e-08 
9.981938e-08 
9.971783e-08 
9.961643e-08 
9.951518e-08 
9.941409e-08 
9.931315e-08 
9.921236e-08 
9.911173e-08 
9.901126e-08 
9.891093e-08 
9.881076e-08 
9.871074e-08 
9.861087e-08 
9.851115e-08 
9.841159e-08 
9.831217e-08 
9.821291e-08 
9.811379e-08 
9.801483e-08 
9.791601e-08 
9.781735e-08 
9.771883e-08 
9.762046e-08 
9.752224e-08 
9.742417e-08 
9.732625e-08 
9.722848e-08 
9.713085e-08 
9.703337e-08 
9.693603e-08 
9.683884e-08 
9.674180e-08 
9.664491e-08 
9.654816e-08 
9.645155e-08 
9.635509e-08 
9.625877e-08 
9.616260e-08 
9.606658e-08 
9.597069e-08 
9.587495e-08 
9.577935e-08 
9.568390e-08 
9.558859e-08 
9.549342e-08 
9.539839e-08 
9.530351e-08 
9.520877e-08 
9.511416e-08 
9.501970e-08 
9.492538e-08 
9.483120e-08 
9.473716e-08 
9.464326e-08 
9.454950e-08 
9.445588e-08 
9.436240e-08 
9.426905e-08 
9.417585e-08 
9.408278e-08 
9.398985e-08 
9.389706e-08 
9.380440e-08 
9.371189e-08 
9.361951e-08 
9.352726e-08 
9.343515e-08 
9.334318e-08 
9.325135e-08 
9.315965e-08 
9.306808e-08 
9.297665e-08 
9.288536e-08 
9.279419e-08 
9.270317e-08 
9.261227e-08 
9.252151e-08 
9.243089e-08 
9.234040e-08 
9.225004e-08 
9.215981e-08 
9.206971e-08 
9.197975e-08 
9.188992e-08 
9.180022e-08 
9.171065e-08 
9.162121e-08 
9.153191e-08 
9.144273e-08 
9.135368e-08 
9.126477e-08 
9.117598e-08 
9.108733e-08 
9.099880e-08 
9.091040e-08 
9.082213e-08 
9.073399e-08 
9.064598e-08 
9.055809e-08 
9.047033e-08 
9.038271e-08 
9.029520e-08 
9.020783e-08 
9.012058e-08 
9.003346e-08 
8.994646e-08 
8.985959e-08 
8.977285e-08 
8.968623e-08 
8.959974e-08 
8.951337e-08 
8.942713e-08 
8.934101e-08 
8.925501e-08 
8.916914e-08 
8.908340e-08 
8.899778e-08 
8.891228e-08 
8.882690e-08 
8.874165e-08 
8.865652e-08 
8.857151e-08 
8.848662e-08 
8.840186e-08 
8.831722e-08 
8.823270e-08 
8.814830e-08 
8.806402e-08 
8.797986e-08 
8.789583e-08 
8.781191e-08 
8.772811e-08 
8.764444e-08 
8.756088e-08 
8.747745e-08 
8.739413e-08 
8.731093e-08 
8.722785e-08 
8.714489e-08 
8.706204e-08 
8.697932e-08 
8.689671e-08 
8.681422e-08 
8.673185e-08 
8.664959e-08 
8.656746e-08 
8.648543e-08 
8.640353e-08 
8.632174e-08 
8.624007e-08 
8.615851e-08 
8.607707e-08 
8.599575e-08 
8.591454e-08 
8.583344e-08 
8.575246e-08 
8.567159e-08 
8.559084e-08 
8.551020e-08 
8.542968e-08 
8.534927e-08 
8.526897e-08 
8.518879e-08 
8.510872e-08 
8.502876e-08 
8.494892e-08 
8.486919e-08 
8.478957e-08 
8.471006e-08 
8.463066e-08 
8.455138e-08 
8.447221e-08 
8.439314e-08 
8.431419e-08 
8.423535e-08 
8.415662e-08 
8.407800e-08 
8.399949e-08 
8.392109e-08 
8.384281e-08 
8.376463e-08 
8.368655e-08 
8.360859e-08 
8.353074e-08 
8.345300e-08 
8.337536e-08 
8.329783e-08 
8.322041e-08 
8.314310e-08 
8.306590e-08 
8.298880e-08 
8.291181e-08 
8.283493e-08 
8.275816e-08 
8.268149e-08 
8.260493e-08 
8.252847e-08 
8.245212e-08 
8.237588e-08 
8.229974e-08 
8.222371e-08 
8.214778e-08 
8.207196e-08 
8.199624e-08 
8.192063e-08 
8.184512e-08 
8.176972e-08 
8.169442e-08 
8.161922e-08 
8.154413e-08 
8.146914e-08 
8.139426e-08 
8.131948e-08 
8.124480e-08 
8.117022e-08 
8.109575e-08 
8.102138e-08 
8.094711e-08 
8.087295e-08 
8.079888e-08 
8.072492e-08 
8.065106e-08 
8.057730e-08 
8.050364e-08 
8.043008e-08 
8.035662e-08 
8.028327e-08 
8.021001e-08 
8.013686e-08 
8.006380e-08 
7.999085e-08 
7.991799e-08 
7.984523e-08 
7.977258e-08 
7.970002e-08 
7.962756e-08 
7.955520e-08 
7.948294e-08 
7.941077e-08 
7.933871e-08 
7.926674e-08 
7.919487e-08 
7.912310e-08 
7.905143e-08 
7.897985e-08 
7.890837e-08 
7.883699e-08 
7.876571e-08 
7.869452e-08 
7.862342e-08 
7.855243e-08 
7.848153e-08 
7.841072e-08 
7.834002e-08 
7.826940e-08 
7.819889e-08 
7.812846e-08 
7.805814e-08 
7.798791e-08 
7.791777e-08 
7.784773e-08 
7.777778e-08 
7.770792e-08 
7.763816e-08 
7.756850e-08 
7.749893e-08 
7.742945e-08 
7.736006e-08 
7.729077e-08 
7.722157e-08 
7.715247e-08 
7.708345e-08 
7.701453e-08 
7.694570e-08 
7.687697e-08 
7.680832e-08 
7.673977e-08 
7.667131e-08 
7.660294e-08 
7.653467e-08 
7.646648e-08 
7.639838e-08 
7.633038e-08 
7.626247e-08 
7.619464e-08 
7.612691e-08 
7.605927e-08 
7.599172e-08 
7.592426e-08 
7.585688e-08 
7.578960e-08 
7.572241e-08 
7.565530e-08 
7.558829e-08 
7.552137e-08 
7.545453e-08 
7.538778e-08 
7.532112e-08 
7.525455e-08 
7.518807e-08 
7.512167e-08 
7.505537e-08 
7.498915e-08 
7.492302e-08 
7.485697e-08 
7.479101e-08 
7.472515e-08 
7.465936e-08 
7.459367e-08 
7.452806e-08 
7.446254e-08 
7.439710e-08 
7.433175e-08 
7.426649e-08 
7.420131e-08 
7.413622e-08 
7.407121e-08 
7.400629e-08 
7.394145e-08 
7.387670e-08 
7.381204e-08 
7.374746e-08 
7.368296e-08 
7.361855e-08 
7.355422e-08 
7.348998e-08 
7.342582e-08 
7.336175e-08 
7.329776e-08 
7.323385e-08 
7.317002e-08 
7.310629e-08 
7.304263e-08 
7.297905e-08 
7.291556e-08 
7.285216e-08 
7.278883e-08 
7.272559e-08 
7.266243e-08 
7.259935e-08 
7.253635e-08 
7.247344e-08 
7.241061e-08 
7.234786e-08 
7.228519e-08 
7.222260e-08 
7.216010e-08 
7.209767e-08 
7.203533e-08 
7.197306e-08 
7.191088e-08 
7.184878e-08 
7.178676e-08 
7.172482e-08 
7.166295e-08 
7.160117e-08 
7.153947e-08 
7.147785e-08 
7.141631e-08 
7.135485e-08 
7.129346e-08 
7.123216e-08 
7.117093e-08 
7.110979e-08 
7.104872e-08 
7.098773e-08 
7.092682e-08 
7.086599e-08 
7.080524e-08 
7.074456e-08 
7.068396e-08 
7.062344e-08 
7.056300e-08 
7.050264e-08 
7.044235e-08 
7.038214e-08 
7.032201e-08 
7.026195e-08 
7.020197e-08 
7.014207e-08 
7.008225e-08 
7.002250e-08 
6.996283e-08 
6.990323e-08 
6.984371e-08 
6.978427e-08 
6.972490e-08 
6.966561e-08 
6.960639e-08 
6.954725e-08 
6.948818e-08 
6.942919e-08 
6.937028e-08 
6.931144e-08 
6.925267e-08 
6.919398e-08 
6.913536e-08 
6.907682e-08 
6.901835e-08 
6.895996e-08 
6.890164e-08 
6.884339e-08 
6.878522e-08 
6.872712e-08 
6.866910e-08 
6.861115e-08 
6.855327e-08 
6.849547e-08 
6.843774e-08 
6.838008e-08 
6.832249e-08 
6.826498e-08 
6.820754e-08 
6.815017e-08 
6.809288e-08 
6.803565e-08 
6.797850e-08 
6.792142e-08 
6.786442e-08 
6.780748e-08 
6.775062e-08 
6.769383e-08 
6.763711e-08 
6.758046e-08 
6.752388e-08 
6.746737e-08 
6.741093e-08 
6.735457e-08 
6.729827e-08 
6.724205e-08 
6.718589e-08 
6.712981e-08 
6.707379e-08 
6.701785e-08 
6.696198e-08 
6.690617e-08 
6.685044e-08 
6.679477e-08 
6.673918e-08 
6.668365e-08 
6.662820e-08 
6.657281e-08 
6.651749e-08 
6.646224e-08 
6.640706e-08 
6.635195e-08 
6.629691e-08 
6.624193e-08 
6.618703e-08 
6.613219e-08 
6.607742e-08 
6.602272e-08 
6.596808e-08 
6.591352e-08 
6.585902e-08 
6.580459e-08 
6.575022e-08 
6.569593e-08 
6.564170e-08 
6.558754e-08 
6.553344e-08 
6.547941e-08 
6.542545e-08 
6.537156e-08 
6.531773e-08 
6.526397e-08 
6.521027e-08 
6.515665e-08 
6.510308e-08 
6.504959e-08 
6.499616e-08 
6.494279e-08 
6.488949e-08 
6.483626e-08 
6.478309e-08 
6.472999e-08 
6.467695e-08 
6.462398e-08 
6.457107e-08 
6.451823e-08 
6.446545e-08 
6.441274e-08 
6.436009e-08 
6.430751e-08 
6.425499e-08 
6.420253e-08 
6.415014e-08 
6.409781e-08 
6.404555e-08 
6.399335e-08 
6.394122e-08 
6.388915e-08 
6.383714e-08 
6.378520e-08 
6.373332e-08 
6.368150e-08 
6.362974e-08 
6.357805e-08 
6.352642e-08 
6.347486e-08 
6.342336e-08 
6.337192e-08 
6.332054e-08 
6.326922e-08 
6.321797e-08 
6.316678e-08 
6.311565e-08 
6.306459e-08 
6.301358e-08 
6.296264e-08 
6.291176e-08 
6.286094e-08 
6.281018e-08 
6.275949e-08 
6.270885e-08 
6.265828e-08 
6.260777e-08 
6.255732e-08 
6.250693e-08 
6.245660e-08 
6.240633e-08 
6.235612e-08 
6.230598e-08 
6.225589e-08 
6.220586e-08 
6.215590e-08 
6.210599e-08 
6.205614e-08 
6.200636e-08 
6.195663e-08 
6.190697e-08 
6.185736e-08 
6.180781e-08 
6.175833e-08 
6.170890e-08 
6.165953e-08 
6.161022e-08 
6.156097e-08 
6.151178e-08 
6.146265e-08 
6.141357e-08 
6.136456e-08 
6.131560e-08 
6.126671e-08 
6.121787e-08 
6.116909e-08 
6.112036e-08 
6.107170e-08 
6.102309e-08 
6.097455e-08 
6.092606e-08 
6.087762e-08 
6.082925e-08 
6.078093e-08 
6.073267e-08 
6.068447e-08 
6.063633e-08 
6.058824e-08 
6.054021e-08 
6.049224e-08 
6.044432e-08 
6.039646e-08 
6.034866e-08 
6.030091e-08 
6.025323e-08 
6.020559e-08 
6.015802e-08 
6.011050e-08 
6.006304e-08 
6.001563e-08 
5.996828e-08 
5.992098e-08 
5.987374e-08 
5.982656e-08 
5.977943e-08 
5.973236e-08 
5.968535e-08 
5.963839e-08 
5.959148e-08 
5.954463e-08 
5.949784e-08 
5.945110e-08 
5.940441e-08 
5.935778e-08 
5.931121e-08 
5.926469e-08 
5.921822e-08 
5.917181e-08 
5.912546e-08 
5.907916e-08 
5.903291e-08 
5.898672e-08 
5.894058e-08 
5.889449e-08 
5.884846e-08 
5.880249e-08 
5.875656e-08 
5.871070e-08 
5.866488e-08 
5.861912e-08 
5.857341e-08 
5.852776e-08 
5.848216e-08 
5.843661e-08 
5.839111e-08 
5.834567e-08 
5.830028e-08 
5.825495e-08 
5.820966e-08 
5.816443e-08 
5.811926e-08 
5.807413e-08 
5.802906e-08 
5.798404e-08 
5.793907e-08 
5.789416e-08 
5.784930e-08 
5.780449e-08 
5.775973e-08 
5.771502e-08 
5.767037e-08 
5.762576e-08 
5.758121e-08 
5.753671e-08 
5.749226e-08 
5.744787e-08 
5.740352e-08 
5.735923e-08 
5.731499e-08 
5.727079e-08 
5.722665e-08 
5.718257e-08 
5.713853e-08 
5.709454e-08 
5.705060e-08 
5.700672e-08 
5.696288e-08 
5.691910e-08 
5.687536e-08 
5.683168e-08 
5.678805e-08 
5.674446e-08 
5.670093e-08 
5.665745e-08 
5.661401e-08 
5.657063e-08 
5.652730e-08 
5.648401e-08 
5.644078e-08 
5.639759e-08 
5.635446e-08 
5.631137e-08 
5.626834e-08 
5.622535e-08 
5.618242e-08 
5.613953e-08 
5.609669e-08 
5.605390e-08 
5.601116e-08 
5.596846e-08 
5.592582e-08 
5.588323e-08 
5.584068e-08 
5.579818e-08 
5.575573e-08 
5.571333e-08 
5.567098e-08 
5.562868e-08 
5.558642e-08 
5.554421e-08 
5.550206e-08 
5.545994e-08 
5.541788e-08 
5.537586e-08 
5.533390e-08 
5.529198e-08 
5.525010e-08 
5.520828e-08 
5.516650e-08 
5.512477e-08 
5.508309e-08 
5.504145e-08 
5.499986e-08 
5.495832e-08 
5.491683e-08 
5.487538e-08 
5.483398e-08 
5.479263e-08 
5.475132e-08 
5.471006e-08 
5.466885e-08 
5.462768e-08 
5.458656e-08 
5.454548e-08 
5.450446e-08 
5.446347e-08 
5.442254e-08 
5.438165e-08 
5.434081e-08 
5.430001e-08 
5.425926e-08 
5.421855e-08 
5.417789e-08 
5.413728e-08 
5.409671e-08 
5.405619e-08 
5.401571e-08 
5.397528e-08 
5.393489e-08 
5.389455e-08 
5.385426e-08 
5.381401e-08 
5.377380e-08 
5.373364e-08 
5.369352e-08 
5.365345e-08 
5.361343e-08 
5.357345e-08 
5.353351e-08 
5.349362e-08 
5.345377e-08 
5.341397e-08 
5.337421e-08 
5.333450e-08 
5.329483e-08 
5.325521e-08 
5.321562e-08 
5.317609e-08 
5.313659e-08 
5.309715e-08 
5.305774e-08 
5.301838e-08 
5.297906e-08 
5.293979e-08 
5.290056e-08 
5.286137e-08 
5.282223e-08 
5.278313e-08 
5.274408e-08 
5.270506e-08 
5.266609e-08 
5.262717e-08 
5.258829e-08 
5.254945e-08 
5.251065e-08 
5.247190e-08 
5.243318e-08 
5.239452e-08 
5.235589e-08 
5.231731e-08 
5.227877e-08 
5.224027e-08 
5.220182e-08 
5.216340e-08 
5.212503e-08 
5.208671e-08 
5.204842e-08 
5.201018e-08 
5.197198e-08 
5.193382e-08 
5.189570e-08 
5.185762e-08 
5.181959e-08 
5.178160e-08 
5.174365e-08 
5.170574e-08 
5.166788e-08 
5.163005e-08 
5.159227e-08 
5.155453e-08 
5.151683e-08 
5.147917e-08 
5.144155e-08 
5.140397e-08 
5.136644e-08 
5.132894e-08 
5.129149e-08 
5.125408e-08 
5.121671e-08 
5.117938e-08 
5.114209e-08 
5.110484e-08 
5.106763e-08 
5.103046e-08 
5.099333e-08 
5.095625e-08 
5.091920e-08 
5.088220e-08 
5.084523e-08 
5.080831e-08 
5.077142e-08 
5.073458e-08 
5.069777e-08 
5.066101e-08 
5.062428e-08 
5.058760e-08 
5.055095e-08 
5.051435e-08 
5.047778e-08 
5.044126e-08 
5.040477e-08 
5.036833e-08 
5.033192e-08 
5.029555e-08 
5.025922e-08 
5.022293e-08 
5.018669e-08 
5.015048e-08 
5.011430e-08 
5.007817e-08 
5.004208e-08 
5.000603e-08 
4.997001e-08 
4.993404e-08 
4.989810e-08 
4.986220e-08 
4.982634e-08 
4.979052e-08 
4.975474e-08 
4.971899e-08 
4.968329e-08 
4.964762e-08 
4.961199e-08 
4.957640e-08 
4.954085e-08 
4.950534e-08 
4.946986e-08 
4.943443e-08 
4.939903e-08 
4.936367e-08 
4.932834e-08 
4.929306e-08 
4.925781e-08 
4.922260e-08 
4.918743e-08 
4.915229e-08 
4.911720e-08 
4.908214e-08 
4.904712e-08 
4.901213e-08 
4.897719e-08 
4.894228e-08 
4.890741e-08 
4.887257e-08 
4.883777e-08 
4.880301e-08 
4.876829e-08 
4.873360e-08 
4.869896e-08 
4.866434e-08 
4.862977e-08 
4.859523e-08 
4.856073e-08 
4.852626e-08 
4.849183e-08 
4.845744e-08 
4.842309e-08 
4.838877e-08 
4.835449e-08 
4.832024e-08 
4.828603e-08 
4.825186e-08 
4.821772e-08 
4.818362e-08 
4.814956e-08 
4.811553e-08 
4.808154e-08 
4.804758e-08 
4.801366e-08 
4.797978e-08 
4.794593e-08 
4.791212e-08 
4.787834e-08 
4.784460e-08 
4.781089e-08 
4.777722e-08 
4.774359e-08 
4.770999e-08 
4.767643e-08 
4.764290e-08 
4.760941e-08 
4.757595e-08 
4.754253e-08 
4.750914e-08 
4.747579e-08 
4.744247e-08 
4.740919e-08 
4.737595e-08 
4.734273e-08 
4.730956e-08 
4.727642e-08 
4.724331e-08 
4.721024e-08 
4.717720e-08 
4.714420e-08 
4.711123e-08 
4.707829e-08 
4.704540e-08 
4.701253e-08 
4.697970e-08 
4.694691e-08 
4.691414e-08 
4.688142e-08 
4.684872e-08 
4.681607e-08 
4.678344e-08 
4.675085e-08 
4.671829e-08 
4.668577e-08 
4.665328e-08 
4.662083e-08 
4.658841e-08 
4.655602e-08 
4.652367e-08 
4.649135e-08 
4.645906e-08 
4.642681e-08 
4.639459e-08 
4.636241e-08 
4.633025e-08 
4.629814e-08 
4.626605e-08 
4.623400e-08 
4.620198e-08 
4.617000e-08 
4.613805e-08 
4.610613e-08 
4.607424e-08 
4.604239e-08 
4.601057e-08 
4.597878e-08 
4.594703e-08 
4.591531e-08 
4.588362e-08 
4.585197e-08 
4.582035e-08 
4.578876e-08 
4.575720e-08 
4.572568e-08 
4.569418e-08 
4.566273e-08 
4.563130e-08 
4.559990e-08 
4.556854e-08 
4.553721e-08 
4.550592e-08 
4.547465e-08 
4.544342e-08 
4.541222e-08 
4.538105e-08 
4.534991e-08 
4.531881e-08 
4.528774e-08 
4.525670e-08 
4.522569e-08 
4.519471e-08 
4.516377e-08 
4.513285e-08 
4.510197e-08 
4.507112e-08 
4.504031e-08 
4.500952e-08 
4.497876e-08 
4.494804e-08 
4.491735e-08 
4.488669e-08 
4.485606e-08 
4.482546e-08 
4.479490e-08 
4.476436e-08 
4.473386e-08 
4.470339e-08 
4.467294e-08 
4.464253e-08 
4.461215e-08 
4.458181e-08 
4.455149e-08 
4.452120e-08 
4.449095e-08 
4.446072e-08 
4.443053e-08 
4.440036e-08 
4.437023e-08 
4.434013e-08 
4.431006e-08 
4.428002e-08 
4.425001e-08 
4.422003e-08 
4.419008e-08 
4.416016e-08 
4.413027e-08 
4.410041e-08 
4.407058e-08 
4.404079e-08 
4.401102e-08 
4.398128e-08 
4.395157e-08 
4.392190e-08 
4.389225e-08 
4.386263e-08 
4.383305e-08 
4.380349e-08 
4.377396e-08 
4.374447e-08 
4.371500e-08 
4.368556e-08 
4.365615e-08 
4.362677e-08 
4.359743e-08 
4.356811e-08 
4.353882e-08 
4.350956e-08 
4.348033e-08 
4.345113e-08 
4.342195e-08 
4.339281e-08 
4.336370e-08 
4.333462e-08 
4.330556e-08 
4.327654e-08 
4.324754e-08 
4.321857e-08 
4.318964e-08 
4.316073e-08 
4.313185e-08 
4.310300e-08 
4.307417e-08 
4.304538e-08 
4.301662e-08 
4.298788e-08 
4.295918e-08 
4.293050e-08 
4.290185e-08 
4.287323e-08 
4.284464e-08 
4.281607e-08 
2.432864e-06 
2.341067e-06 
2.253573e-06 
2.170147e-06 
2.090562e-06 
2.014606e-06 
1.942081e-06 
1.872800e-06 
1.806590e-06 
1.743286e-06 
1.682736e-06 
1.624796e-06 
1.569331e-06 
1.516214e-06 
1.465326e-06 
1.416554e-06 
1.369794e-06 
1.324946e-06 
1.281916e-06 
1.240615e-06 
1.200961e-06 
1.162874e-06 
1.126281e-06 
1.091112e-06 
1.057301e-06 
1.024784e-06 
9.935044e-07 
9.634049e-07 
9.344328e-07 
9.065380e-07 
8.796728e-07 
8.537922e-07 
8.288531e-07 
8.048150e-07 
7.816390e-07 
7.592884e-07 
7.377284e-07 
7.169256e-07 
6.968484e-07 
6.774667e-07 
6.587520e-07 
6.406768e-07 
6.232152e-07 
6.063425e-07 
5.900350e-07 
5.742703e-07 
5.590267e-07 
5.442839e-07 
5.300223e-07 
5.162231e-07 
5.028687e-07 
4.899418e-07 
4.774263e-07 
4.653065e-07 
4.535676e-07 
4.421954e-07 
4.311761e-07 
4.204969e-07 
4.101451e-07 
4.001089e-07 
3.903768e-07 
3.809379e-07 
3.717816e-07 
3.628977e-07 
3.542767e-07 
3.459094e-07 
3.377869e-07 
3.299007e-07 
3.222427e-07 
3.148048e-07 
3.075798e-07 
3.005602e-07 
2.937391e-07 
2.871100e-07 
2.806663e-07 
2.744018e-07 
2.683107e-07 
2.623873e-07 
2.566260e-07 
2.510215e-07 
2.455689e-07 
2.402632e-07 
2.350996e-07 
2.300737e-07 
2.251811e-07 
2.204176e-07 
2.157791e-07 
2.112618e-07 
2.068618e-07 
2.025755e-07 
1.983995e-07 
1.943303e-07 
1.903648e-07 
1.864997e-07 
1.827320e-07 
1.790589e-07 
1.754775e-07 
1.719850e-07 
1.685788e-07 
1.652565e-07 
1.620155e-07 
1.588534e-07 
1.557681e-07 
1.527572e-07 
1.498187e-07 
1.469505e-07 
1.441504e-07 
1.414167e-07 
1.387474e-07 
1.361408e-07 
1.335950e-07 
1.311084e-07 
1.286793e-07 
1.263062e-07 
1.239875e-07 
1.217217e-07 
1.195074e-07 
1.173432e-07 
1.152277e-07 
1.131596e-07 
1.111378e-07 
1.091608e-07 
1.072276e-07 
1.053369e-07 
1.034878e-07 
1.016790e-07 
9.990950e-08 
9.817835e-08 
9.648452e-08 
9.482705e-08 
9.320500e-08 
9.161749e-08 
9.006362e-08 
8.854256e-08 
8.705346e-08 
8.559554e-08 
8.416801e-08 
8.277012e-08 
8.140113e-08 
8.006033e-08 
7.874703e-08 
7.746055e-08 
7.620025e-08 
7.496548e-08 
7.375563e-08 
7.257009e-08 
7.140830e-08 
7.026967e-08 
6.915366e-08 
6.805974e-08 
6.698737e-08 
6.593605e-08 
6.490530e-08 
6.389463e-08 
6.290357e-08 
6.193167e-08 
6.097849e-08 
6.004359e-08 
5.912657e-08 
5.822700e-08 
5.734450e-08 
5.647868e-08 
5.562916e-08 
5.479558e-08 
5.397758e-08 
5.317481e-08 
5.238693e-08 
5.161361e-08 
5.085454e-08 
5.010940e-08 
4.937788e-08 
4.865969e-08 
4.795454e-08 
4.726214e-08 
4.658222e-08 
4.591451e-08 
4.525875e-08 
4.461469e-08 
4.398207e-08 
4.336066e-08 
4.275020e-08 
4.215049e-08 
4.156128e-08 
4.098237e-08 
4.041353e-08 
3.985455e-08 
3.930524e-08 
3.876539e-08 
3.823480e-08 
3.771330e-08 
3.720069e-08 
3.669678e-08 
3.620142e-08 
3.571441e-08 
3.523560e-08 
3.476482e-08 
3.430191e-08 
3.384671e-08 
3.339906e-08 
3.295883e-08 
3.252585e-08 
3.210000e-08 
3.168112e-08 
3.126908e-08 
3.086375e-08 
3.046500e-08 
3.007270e-08 
2.968673e-08 
2.930697e-08 
2.893329e-08 
2.856558e-08 
2.820372e-08 
2.784761e-08 
2.749714e-08 
2.715220e-08 
2.681268e-08 
2.647849e-08 
2.614952e-08 
2.582568e-08 
2.550687e-08 
2.519300e-08 
2.488398e-08 
2.457971e-08 
2.428011e-08 
2.398510e-08 
2.369459e-08 
2.340850e-08 
2.312675e-08 
2.284925e-08 
2.257594e-08 
2.230674e-08 
2.204157e-08 
2.178037e-08 
2.152306e-08 
2.126957e-08 
2.101983e-08 
2.077378e-08 
2.053136e-08 
2.029249e-08 
2.005712e-08 
1.982519e-08 
1.959663e-08 
1.937139e-08 
1.914941e-08 
1.893063e-08 
1.871501e-08 
1.850247e-08 
1.829298e-08 
1.808647e-08 
1.788291e-08 
1.768223e-08 
1.748439e-08 
1.728934e-08 
1.709704e-08 
1.690744e-08 
1.672049e-08 
1.653614e-08 
1.635436e-08 
1.617511e-08 
1.599833e-08 
1.582400e-08 
1.565206e-08 
1.548248e-08 
1.531523e-08 
1.515025e-08 
1.498753e-08 
1.482701e-08 
1.466866e-08 
1.451246e-08 
1.435836e-08 
1.420632e-08 
1.405633e-08 
1.390834e-08 
1.376232e-08 
1.361824e-08 
1.347607e-08 
1.333578e-08 
1.319734e-08 
1.306072e-08 
1.292590e-08 
1.279283e-08 
1.266150e-08 
1.253189e-08 
1.240395e-08 
1.227767e-08 
1.215302e-08 
1.202998e-08 
1.190852e-08 
1.178861e-08 
1.167024e-08 
1.155338e-08 
1.143800e-08 
1.132409e-08 
1.121161e-08 
1.110056e-08 
1.099091e-08 
1.088263e-08 
1.077571e-08 
1.067012e-08 
1.056585e-08 
1.046288e-08 
1.036118e-08 
1.026074e-08 
1.016155e-08 
1.006358e-08 
9.966818e-09 
9.871236e-09 
9.776822e-09 
9.683559e-09 
9.591430e-09 
9.500418e-09 
9.410507e-09 
9.321682e-09 
9.233925e-09 
9.147222e-09 
9.061559e-09 
8.976918e-09 
8.893287e-09 
8.810651e-09 
8.728995e-09 
8.648305e-09 
8.568569e-09 
8.489771e-09 
8.411900e-09 
8.334941e-09 
8.258883e-09 
8.183711e-09 
8.109415e-09 
8.035982e-09 
7.963399e-09 
7.891656e-09 
7.820739e-09 
7.750638e-09 
7.681342e-09 
7.612840e-09 
7.545119e-09 
7.478171e-09 
7.411984e-09 
7.346548e-09 
7.281852e-09 
7.217887e-09 
7.154642e-09 
7.092108e-09 
7.030276e-09 
6.969135e-09 
6.908677e-09 
6.848892e-09 
6.789772e-09 
6.731307e-09 
6.673489e-09 
6.616309e-09 
6.559758e-09 
6.503829e-09 
6.448513e-09 
6.393803e-09 
6.339689e-09 
6.286164e-09 
6.233222e-09 
6.180853e-09 
6.129050e-09 
6.077807e-09 
6.027115e-09 
5.976969e-09 
5.927359e-09 
5.878281e-09 
5.829727e-09 
5.781689e-09 
5.734162e-09 
5.687140e-09 
5.640615e-09 
5.594581e-09 
5.549032e-09 
5.503962e-09 
5.459365e-09 
5.415234e-09 
5.371565e-09 
5.328351e-09 
5.285586e-09 
5.243265e-09 
5.201382e-09 
5.159933e-09 
5.118910e-09 
5.078310e-09 
5.038127e-09 
4.998355e-09 
4.958990e-09 
4.920027e-09 
4.881460e-09 
4.843286e-09 
4.805498e-09 
4.768093e-09 
4.731066e-09 
4.694411e-09 
4.658125e-09 
4.622204e-09 
4.586641e-09 
4.551435e-09 
4.516579e-09 
4.482070e-09 
4.447904e-09 
4.414077e-09 
4.380584e-09 
4.347422e-09 
4.314586e-09 
4.282073e-09 
4.249879e-09 
4.218001e-09 
4.186433e-09 
4.155174e-09 
4.124218e-09 
4.093564e-09 
4.063206e-09 
4.033142e-09 
4.003368e-09 
3.973881e-09 
3.944677e-09 
3.915754e-09 
3.887107e-09 
3.858734e-09 
3.830632e-09 
3.802798e-09 
3.775227e-09 
3.747918e-09 
3.720868e-09 
3.694073e-09 
3.667530e-09 
3.641237e-09 
3.615191e-09 
3.589389e-09 
3.563828e-09 
3.538506e-09 
3.513420e-09 
3.488567e-09 
3.463944e-09 
3.439549e-09 
3.415380e-09 
3.391434e-09 
3.367708e-09 
3.344200e-09 
3.320908e-09 
3.297829e-09 
3.274961e-09 
3.252302e-09 
3.229848e-09 
3.207599e-09 
3.185551e-09 
3.163703e-09 
3.142052e-09 
3.120596e-09 
3.099333e-09 
3.078262e-09 
3.057379e-09 
3.036683e-09 
3.016171e-09 
2.995843e-09 
2.975695e-09 
2.955726e-09 
2.935935e-09 
2.916318e-09 
2.896874e-09 
2.877602e-09 
2.858500e-09 
2.839565e-09 
2.820796e-09 
2.802191e-09 
2.783749e-09 
2.765467e-09 
2.747345e-09 
2.729379e-09 
2.711570e-09 
2.693915e-09 
2.676412e-09 
2.659060e-09 
2.641857e-09 
2.624802e-09 
2.607893e-09 
2.591129e-09 
2.574508e-09 
2.558029e-09 
2.541690e-09 
2.525489e-09 
2.509426e-09 
2.493500e-09 
2.477707e-09 
2.462048e-09 
2.446521e-09 
2.431124e-09 
2.415856e-09 
2.400717e-09 
2.385703e-09 
2.370815e-09 
2.356051e-09 
2.341410e-09 
2.326890e-09 
2.312491e-09 
2.298210e-09 
2.284048e-09 
2.270002e-09 
2.256072e-09 
2.242256e-09 
2.228553e-09 
2.214963e-09 
2.201483e-09 
2.188110e-09 
2.174845e-09 
2.161688e-09 
2.148638e-09 
2.135694e-09 
2.122854e-09 
2.110118e-09 
2.097485e-09 
2.084953e-09 
2.072522e-09 
2.060190e-09 
2.047958e-09 
2.035822e-09 
2.023784e-09 
2.011841e-09 
1.999994e-09 
1.988240e-09 
1.976580e-09 
1.965011e-09 
1.953534e-09 
1.942148e-09 
1.930851e-09 
1.919642e-09 
1.908522e-09 
1.897488e-09 
1.886541e-09 
1.875679e-09 
1.864902e-09 
1.854208e-09 
1.843598e-09 
1.833070e-09 
1.822623e-09 
1.812257e-09 
1.801970e-09 
1.791763e-09 
1.781634e-09 
1.771583e-09 
1.761609e-09 
1.751711e-09 
1.741889e-09 
1.732142e-09 
1.722468e-09 
1.712868e-09 
1.703341e-09 
1.693886e-09 
1.684503e-09 
1.675190e-09 
1.665947e-09 
1.656774e-09 
1.647670e-09 
1.638634e-09 
1.629665e-09 
1.620764e-09 
1.611929e-09 
1.603160e-09 
1.594455e-09 
1.585816e-09 
1.577240e-09 
1.568728e-09 
1.560279e-09 
1.551892e-09 
1.543567e-09 
1.535303e-09 
1.527099e-09 
1.518956e-09 
1.510872e-09 
1.502848e-09 
1.494881e-09 
1.486973e-09 
1.479122e-09 
1.471328e-09 
1.463591e-09 
1.455909e-09 
1.448283e-09 
1.440712e-09 
1.433196e-09 
1.425733e-09 
1.418324e-09 
1.410968e-09 
1.403665e-09 
1.396413e-09 
1.389214e-09 
1.382065e-09 
1.374968e-09 
1.367921e-09 
1.360923e-09 
1.353976e-09 
1.347077e-09 
1.340227e-09 
1.333425e-09 
1.326671e-09 
1.319964e-09 
1.313304e-09 
1.306691e-09 
1.300124e-09 
1.293603e-09 
1.287127e-09 
1.280696e-09 
1.274310e-09 
1.267968e-09 
1.261670e-09 
1.255415e-09 
1.249203e-09 
1.243035e-09 
1.236908e-09 
1.230824e-09 
1.224782e-09 
1.218780e-09 
1.212820e-09 
1.206900e-09 
1.201021e-09 
1.195182e-09 
1.189382e-09 
1.183622e-09 
1.177901e-09 
1.172218e-09 
1.166574e-09 
1.160967e-09 
1.155399e-09 
1.149868e-09 
1.144373e-09 
1.138916e-09 
1.133495e-09 
1.128111e-09 
1.122762e-09 
1.117449e-09 
1.112171e-09 
1.106928e-09 
1.101720e-09 
1.096546e-09 
1.091407e-09 
1.086301e-09 
1.081229e-09 
1.076191e-09 
1.071185e-09 
1.066213e-09 
1.061272e-09 
1.056365e-09 
1.051489e-09 
1.046645e-09 
1.041832e-09 
1.037051e-09 
1.032301e-09 
1.027581e-09 
1.022892e-09 
1.018233e-09 
1.013605e-09 
1.009006e-09 
1.004436e-09 
9.998963e-10 
9.953854e-10 
9.909034e-10 
9.864500e-10 
9.820250e-10 
9.776282e-10 
9.732593e-10 
9.689183e-10 
9.646047e-10 
9.603185e-10 
9.560594e-10 
9.518272e-10 
9.476216e-10 
9.434426e-10 
9.392898e-10 
9.351631e-10 
9.310622e-10 
9.269870e-10 
9.229373e-10 
9.189129e-10 
9.149135e-10 
9.109390e-10 
9.069892e-10 
9.030639e-10 
8.991629e-10 
8.952861e-10 
8.914332e-10 
8.876041e-10 
8.837985e-10 
8.800164e-10 
8.762575e-10 
8.725216e-10 
8.688086e-10 
8.651183e-10 
8.614505e-10 
8.578051e-10 
8.541819e-10 
8.505807e-10 
8.470014e-10 
8.434438e-10 
8.399076e-10 
8.363929e-10 
8.328994e-10 
8.294269e-10 
8.259753e-10 
8.225445e-10 
8.191343e-10 
8.157444e-10 
8.123749e-10 
8.090255e-10 
8.056961e-10 
8.023878e-10 
7.990991e-10 
7.958299e-10 
7.925802e-10 
7.893497e-10 
7.861382e-10 
7.829458e-10 
7.797721e-10 
7.766172e-10 
7.734808e-10 
7.703628e-10 
7.672631e-10 
7.641815e-10 
7.611179e-10 
7.580722e-10 
7.550443e-10 
7.520340e-10 
7.490412e-10 
7.460658e-10 
7.431076e-10 
7.401665e-10 
7.372424e-10 
7.343352e-10 
7.314448e-10 
7.285709e-10 
7.257136e-10 
7.228727e-10 
7.200481e-10 
7.172396e-10 
7.144472e-10 
7.116707e-10 
7.089101e-10 
7.061651e-10 
7.034358e-10 
7.007219e-10 
6.980234e-10 
6.953402e-10 
6.926721e-10 
6.900191e-10 
6.873810e-10 
6.847578e-10 
6.821493e-10 
6.795555e-10 
6.769762e-10 
6.744113e-10 
6.718608e-10 
6.693245e-10 
6.668023e-10 
6.642941e-10 
6.617999e-10 
6.593195e-10 
6.568529e-10 
6.543999e-10 
6.519605e-10 
6.495346e-10 
6.471220e-10 
6.447226e-10 
6.423365e-10 
6.399635e-10 
6.376035e-10 
6.352563e-10 
6.329220e-10 
6.306005e-10 
6.282916e-10 
6.259953e-10 
6.237114e-10 
6.214400e-10 
6.191808e-10 
6.169339e-10 
6.146992e-10 
6.124765e-10 
6.102658e-10 
6.080669e-10 
6.058800e-10 
6.037047e-10 
6.015411e-10 
5.993891e-10 
5.972486e-10 
5.951195e-10 
5.930018e-10 
5.908954e-10 
5.888002e-10 
5.867161e-10 
5.846430e-10 
5.825809e-10 
5.805298e-10 
5.784894e-10 
5.764599e-10 
5.744410e-10 
5.724327e-10 
5.704350e-10 
5.684478e-10 
5.664710e-10 
5.645045e-10 
5.625483e-10 
5.606023e-10 
5.586665e-10 
5.567407e-10 
5.548250e-10 
5.529192e-10 
5.510232e-10 
5.491371e-10 
5.472607e-10 
5.453941e-10 
5.435370e-10 
5.416895e-10 
5.398515e-10 
5.380230e-10 
5.362038e-10 
5.343939e-10 
5.325933e-10 
5.308019e-10 
5.290197e-10 
5.272465e-10 
5.254823e-10 
5.237271e-10 
5.219809e-10 
5.202434e-10 
5.185148e-10 
5.167949e-10 
5.150836e-10 
5.133810e-10 
5.116870e-10 
5.100015e-10 
5.083245e-10 
5.066558e-10 
5.049955e-10 
5.033436e-10 
5.016998e-10 
5.000643e-10 
4.984369e-10 
4.968176e-10 
4.952064e-10 
4.936032e-10 
4.920079e-10 
4.904205e-10 
4.888409e-10 
4.872692e-10 
4.857052e-10 
4.841488e-10 
4.826002e-10 
4.810591e-10 
4.795256e-10 
4.779997e-10 
4.764811e-10 
4.749700e-10 
4.734663e-10 
4.719699e-10 
4.704808e-10 
4.689989e-10 
4.675242e-10 
4.660567e-10 
4.645963e-10 
4.631429e-10 
4.616965e-10 
4.602571e-10 
4.588247e-10 
4.573991e-10 
4.559804e-10 
4.545685e-10 
4.531634e-10 
4.517649e-10 
4.503732e-10 
4.489881e-10 
4.476096e-10 
4.462377e-10 
4.448723e-10 
4.435134e-10 
4.421609e-10 
4.408148e-10 
4.394751e-10 
4.381417e-10 
4.368146e-10 
4.354938e-10 
4.341792e-10 
4.328708e-10 
4.315685e-10 
4.302723e-10 
4.289822e-10 
4.276981e-10 
4.264200e-10 
4.251478e-10 
4.238816e-10 
4.226213e-10 
4.213669e-10 
4.201182e-10 
4.188754e-10 
4.176383e-10 
4.164069e-10 
4.151812e-10 
4.139612e-10 
4.127467e-10 
4.115379e-10 
4.103346e-10 
4.091369e-10 
4.079446e-10 
4.067578e-10 
4.055764e-10 
4.044004e-10 
4.032297e-10 
4.020641e-10 
4.009038e-10 
3.997488e-10 
3.985990e-10 
3.974545e-10 
3.963151e-10 
3.951808e-10 
3.940517e-10 
3.929277e-10 
3.918087e-10 
3.906948e-10 
3.895859e-10 
3.884819e-10 
3.873829e-10 
3.862889e-10 
3.851997e-10 
3.841153e-10 
3.830358e-10 
3.819612e-10 
3.808913e-10 
3.798261e-10 
3.787657e-10 
3.777100e-10 
3.766589e-10 
3.756125e-10 
3.745708e-10 
3.735336e-10 
3.725010e-10 
3.714729e-10 
3.704494e-10 
3.694303e-10 
3.684157e-10 
3.674056e-10 
3.663998e-10 
3.653985e-10 
3.644015e-10 
3.634089e-10 
3.624206e-10 
3.614366e-10 
3.604569e-10 
3.594814e-10 
3.585101e-10 
3.575430e-10 
3.565802e-10 
3.556214e-10 
3.546668e-10 
3.537164e-10 
3.527700e-10 
3.518276e-10 
3.508893e-10 
3.499550e-10 
3.490248e-10 
3.480985e-10 
3.471761e-10 
3.462577e-10 
3.453432e-10 
3.444326e-10 
3.435258e-10 
3.426229e-10 
3.417239e-10 
3.408286e-10 
3.399371e-10 
3.390494e-10 
3.381654e-10 
3.372852e-10 
3.364086e-10 
3.355357e-10 
3.346665e-10 
3.338010e-10 
3.329390e-10 
3.320807e-10 
3.312260e-10 
3.303748e-10 
3.295272e-10 
3.286830e-10 
3.278424e-10 
3.270053e-10 
3.261717e-10 
3.253415e-10 
3.245148e-10 
3.236914e-10 
3.228715e-10 
3.220550e-10 
3.212418e-10 
3.204319e-10 
3.196254e-10 
3.188222e-10 
3.180223e-10 
3.172256e-10 
3.164322e-10 
3.156421e-10 
3.148551e-10 
3.140714e-10 
3.132909e-10 
3.125135e-10 
3.117393e-10 
3.109682e-10 
3.102003e-10 
3.094355e-10 
3.086737e-10 
3.079150e-10 
3.071594e-10 
3.064068e-10 
3.056573e-10 
3.049107e-10 
3.041672e-10 
3.034266e-10 
3.026890e-10 
3.019544e-10 
3.012226e-10 
3.004938e-10 
2.997679e-10 
2.990449e-10 
2.983248e-10 
2.976075e-10 
2.968930e-10 
2.961814e-10 
2.954726e-10 
2.947666e-10 
2.940634e-10 
2.933630e-10 
2.926653e-10 
2.919703e-10 
2.912781e-10 
2.905886e-10 
2.899018e-10 
2.892177e-10 
2.885363e-10 
2.878575e-10 
2.871814e-10 
2.865079e-10 
2.858370e-10 
2.851687e-10 
2.845031e-10 
2.838400e-10 
2.831794e-10 
2.825215e-10 
2.818660e-10 
2.812131e-10 
2.805628e-10 
2.799149e-10 
2.792695e-10 
2.786266e-10 
2.779861e-10 
2.773481e-10 
2.767126e-10 
2.760795e-10 
2.754488e-10 
2.748205e-10 
2.741946e-10 
2.735711e-10 
2.729499e-10 
2.723311e-10 
2.717147e-10 
2.711006e-10 
2.704888e-10 
2.698793e-10 
2.692721e-10 
2.686672e-10 
2.680646e-10 
2.674643e-10 
2.668662e-10 
2.662704e-10 
2.656767e-10 
2.650854e-10 
2.644962e-10 
2.639092e-10 
2.633244e-10 
2.627418e-10 
2.621614e-10 
2.615831e-10 
2.610070e-10 
2.604330e-10 
2.598611e-10 
2.592914e-10 
2.587237e-10 
2.581582e-10 
2.575947e-10 
2.570333e-10 
2.564740e-10 
2.559167e-10 
2.553615e-10 
2.548083e-10 
2.542572e-10 
2.537080e-10 
2.531609e-10 
2.526158e-10 
2.520726e-10 
2.515315e-10 
2.509923e-10 
2.504550e-10 
2.499197e-10 
2.493864e-10 
2.488550e-10 
2.483255e-10 
2.477979e-10 
2.472722e-10 
2.467484e-10 
2.462265e-10 
2.457065e-10 
2.451884e-10 
2.446722e-10 
2.441578e-10 
2.436453e-10 
2.431345e-10 
2.426257e-10 
2.421186e-10 
2.416133e-10 
2.411099e-10 
2.406082e-10 
2.401083e-10 
2.396102e-10 
2.391138e-10 
2.386192e-10 
2.381264e-10 
2.376353e-10 
2.371459e-10 
2.366582e-10 
2.361723e-10 
2.356881e-10 
2.352056e-10 
2.347247e-10 
2.342456e-10 
2.337681e-10 
2.332923e-10 
2.328181e-10 
2.323457e-10 
2.318748e-10 
2.314056e-10 
2.309380e-10 
2.304721e-10 
2.300077e-10 
2.295450e-10 
2.290839e-10 
2.286243e-10 
2.281664e-10 
2.277100e-10 
2.272552e-10 
2.268020e-10 
2.263503e-10 
2.259002e-10 
2.254516e-10 
2.250046e-10 
2.245591e-10 
2.241151e-10 
2.236726e-10 
2.232316e-10 
2.227921e-10 
2.223542e-10 
2.219177e-10 
2.214827e-10 
2.210492e-10 
2.206171e-10 
2.201865e-10 
2.197574e-10 
2.193297e-10 
2.189034e-10 
2.184786e-10 
2.180552e-10 
2.176332e-10 
2.172127e-10 
2.167935e-10 
2.163758e-10 
2.159595e-10 
2.155445e-10 
2.151310e-10 
2.147188e-10 
2.143080e-10 
2.138985e-10 
2.134904e-10 
2.130837e-10 
2.126783e-10 
2.122743e-10 
2.118716e-10 
2.114702e-10 
2.110701e-10 
2.106714e-10 
2.102740e-10 
2.098779e-10 
2.094831e-10 
2.090896e-10 
2.086974e-10 
2.083064e-10 
2.079168e-10 
2.075284e-10 
2.071413e-10 
2.067554e-10 
2.063708e-10 
2.059875e-10 
2.056054e-10 
2.052245e-10 
2.048449e-10 
2.044665e-10 
2.040893e-10 
2.037134e-10 
2.033386e-10 
2.029651e-10 
2.025928e-10 
2.022216e-10 
2.018517e-10 
2.014830e-10 
2.011154e-10 
2.007490e-10 
2.003838e-10 
2.000197e-10 
1.996568e-10 
1.992951e-10 
1.989345e-10 
1.985751e-10 
1.982168e-10 
1.978597e-10 
1.975037e-10 
1.971488e-10 
1.967950e-10 
1.964424e-10 
1.960908e-10 
1.957404e-10 
1.953911e-10 
1.950429e-10 
1.946958e-10 
1.943497e-10 
1.940048e-10 
1.936609e-10 
1.933181e-10 
1.929764e-10 
1.926358e-10 
1.922962e-10 
1.919576e-10 
1.916202e-10 
1.912837e-10 
1.909484e-10 
1.906140e-10 
1.902807e-10 
1.899485e-10 
1.896172e-10 
1.892870e-10 
1.889578e-10 
1.886296e-10 
1.883024e-10 
1.879763e-10 
1.876511e-10 
1.873269e-10 
1.870038e-10 
1.866816e-10 
1.863604e-10 
1.860402e-10 
1.857209e-10 
1.854027e-10 
1.850854e-10 
1.847691e-10 
1.844537e-10 
1.841393e-10 
1.838258e-10 
1.835133e-10 
1.832018e-10 
1.828912e-10 
1.825815e-10 
1.822728e-10 
1.819649e-10 
1.816581e-10 
1.813521e-10 
1.810471e-10 
1.807429e-10 
1.804397e-10 
1.801374e-10 
1.798360e-10 
1.795355e-10 
1.792359e-10 
1.789372e-10 
1.786394e-10 
1.783425e-10 
1.780464e-10 
1.777512e-10 
1.774569e-10 
1.771635e-10 
1.768710e-10 
1.765793e-10 
1.762884e-10 
1.759985e-10 
1.757094e-10 
1.754211e-10 
1.751337e-10 
1.748471e-10 
1.745614e-10 
1.742765e-10 
1.739924e-10 
1.737092e-10 
1.734268e-10 
1.731452e-10 
1.728645e-10 
1.725845e-10 
1.723054e-10 
1.720271e-10 
1.717496e-10 
1.714729e-10 
1.711970e-10 
1.709219e-10 
1.706476e-10 
1.703741e-10 
1.701014e-10 
1.698295e-10 
1.695583e-10 
1.692879e-10 
1.690183e-10 
1.687495e-10 
1.684815e-10 
1.682142e-10 
1.679477e-10 
1.676819e-10 
1.674169e-10 
1.671527e-10 
1.668892e-10 
1.666265e-10 
1.663645e-10 
1.661033e-10 
1.658428e-10 
1.655830e-10 
1.653240e-10 
1.650657e-10 
1.648081e-10 
1.645513e-10 
1.642951e-10 
1.640398e-10 
1.637851e-10 
1.635311e-10 
1.632779e-10 
1.630253e-10 
1.627735e-10 
1.625224e-10 
1.622720e-10 
1.620223e-10 
1.617732e-10 
1.615249e-10 
1.612773e-10 
1.610303e-10 
1.607841e-10 
1.605385e-10 
1.602936e-10 
1.600494e-10 
1.598058e-10 
1.595629e-10 
1.593207e-10 
1.590792e-10 
1.588383e-10 
1.585981e-10 
1.583586e-10 
1.581197e-10 
1.578815e-10 
1.576439e-10 
1.574070e-10 
1.571707e-10 
1.569351e-10 
1.567001e-10 
1.564658e-10 
1.562320e-10 
1.559990e-10 
1.557665e-10 
1.555347e-10 
1.553036e-10 
1.550730e-10 
1.548431e-10 
1.546138e-10 
1.543851e-10 
1.541570e-10 
1.539296e-10 
1.537027e-10 
1.534765e-10 
1.532509e-10 
1.530259e-10 
1.528015e-10 
1.525777e-10 
1.523545e-10 
1.521318e-10 
1.519098e-10 
1.516884e-10 
1.514676e-10 
1.512473e-10 
1.510277e-10 
1.508086e-10 
1.505901e-10 
1.503722e-10 
1.501548e-10 
1.499381e-10 
1.497219e-10 
1.495063e-10 
1.492912e-10 
1.490767e-10 
1.488628e-10 
1.486495e-10 
1.484367e-10 
1.482245e-10 
1.480128e-10 
1.478017e-10 
1.475911e-10 
1.473811e-10 
1.471716e-10 
1.469627e-10 
1.467543e-10 
1.465465e-10 
1.463392e-10 
1.461324e-10 
1.459262e-10 
1.457205e-10 
1.455154e-10 
1.453108e-10 
1.451067e-10 
1.449031e-10 
1.447001e-10 
1.444976e-10 
1.442956e-10 
1.440941e-10 
1.438932e-10 
1.436927e-10 
1.434928e-10 
1.432934e-10 
1.430945e-10 
1.428961e-10 
1.426982e-10 
1.425008e-10 
1.423040e-10 
1.421076e-10 
1.419117e-10 
1.417163e-10 
1.415215e-10 
1.413271e-10 
1.411332e-10 
1.409398e-10 
1.407469e-10 
1.405545e-10 
1.403625e-10 
1.401711e-10 
1.399801e-10 
1.397896e-10 
1.395996e-10 
1.394101e-10 
1.392210e-10 
1.390324e-10 
1.388443e-10 
1.386567e-10 
1.384695e-10 
1.382828e-10 
1.380966e-10 
1.379108e-10 
1.377255e-10 
1.375406e-10 
1.373562e-10 
1.371723e-10 
1.369888e-10 
1.368058e-10 
1.366233e-10 
1.364411e-10 
1.362595e-10 
1.360782e-10 
1.358975e-10 
1.357172e-10 
1.355373e-10 
1.353578e-10 
1.351788e-10 
1.350003e-10 
1.348221e-10 
1.346445e-10 
1.344672e-10 
1.342904e-10 
1.341140e-10 
1.339380e-10 
1.337625e-10 
1.335874e-10 
1.334127e-10 
1.332385e-10 
1.330647e-10 
1.328913e-10 
1.327183e-10 
1.325457e-10 
1.323736e-10 
1.322018e-10 
1.320305e-10 
1.318596e-10 
1.316891e-10 
1.315190e-10 
1.313493e-10 
1.311801e-10 
1.310112e-10 
1.308427e-10 
1.306747e-10 
1.305070e-10 
1.303398e-10 
1.301729e-10 
1.300065e-10 
1.298404e-10 
1.296748e-10 
1.295095e-10 
1.293446e-10 
1.291801e-10 
1.290160e-10 
1.288523e-10 
1.286890e-10 
1.285261e-10 
1.283635e-10 
1.282014e-10 
1.280396e-10 
1.278781e-10 
1.277171e-10 
1.275564e-10 
1.273962e-10 
1.272362e-10 
1.270767e-10 
1.269175e-10 
1.267587e-10 
1.266003e-10 
1.264423e-10 
1.262846e-10 
1.261273e-10 
1.259703e-10 
1.258138e-10 
1.256575e-10 
1.255017e-10 
1.253462e-10 
1.251910e-10 
1.250363e-10 
1.248819e-10 
1.247278e-10 
1.245741e-10 
1.244207e-10 
1.242677e-10 
1.241151e-10 
1.239628e-10 
1.238109e-10 
1.236593e-10 
1.235080e-10 
1.233571e-10 
1.232066e-10 
1.230564e-10 
1.229065e-10 
1.227570e-10 
1.226078e-10 
1.224589e-10 
1.223104e-10 
1.221623e-10 
1.220144e-10 
1.218669e-10 
1.217198e-10 
1.215729e-10 
1.214264e-10 
1.212803e-10 
1.211344e-10 
1.209889e-10 
1.208438e-10 
1.206989e-10 
1.205544e-10 
1.204102e-10 
1.202663e-10 
1.201227e-10 
1.199795e-10 
1.198366e-10 
1.196940e-10 
1.195517e-10 
1.194098e-10 
1.192681e-10 
1.191268e-10 
1.189858e-10 
1.188451e-10 
1.187047e-10 
1.185647e-10 
1.184249e-10 
1.182855e-10 
1.181463e-10 
1.180075e-10 
1.178690e-10 
1.177307e-10 
1.175928e-10 
1.174552e-10 
1.173179e-10 
1.171809e-10 
1.170442e-10 
1.169078e-10 
1.167717e-10 
1.166359e-10 
1.165004e-10 
1.163652e-10 
1.162303e-10 
1.160956e-10 
1.159613e-10 
1.158273e-10 
1.156935e-10 
1.155601e-10 
1.154269e-10 
1.152940e-10 
1.151614e-10 
1.150292e-10 
1.148971e-10 
1.147654e-10 
1.146340e-10 
1.145028e-10 
1.143719e-10 
1.142414e-10 
1.141110e-10 
1.139810e-10 
1.138513e-10 
1.137218e-10 
1.135926e-10 
1.134637e-10 
1.133350e-10 
1.132067e-10 
1.130786e-10 
1.129508e-10 
1.128232e-10 
1.126959e-10 
1.125689e-10 
1.124422e-10 
1.123157e-10 
1.121896e-10 
1.120636e-10 
1.119380e-10 
1.118126e-10 
1.116875e-10 
1.115626e-10 
1.114380e-10 
1.113137e-10 
1.111896e-10 
1.110658e-10 
1.109422e-10 
1.108189e-10 
1.106959e-10 
1.105731e-10 
1.104506e-10 
1.103283e-10 
1.102063e-10 
1.100846e-10 
1.099631e-10 
1.098419e-10 
1.097209e-10 
1.096001e-10 
1.094797e-10 
1.093594e-10 
1.092394e-10 
1.091197e-10 
1.090002e-10 
1.088810e-10 
1.087620e-10 
1.086432e-10 
1.085247e-10 
1.084065e-10 
1.082885e-10 
1.081707e-10 
1.080532e-10 
1.079359e-10 
1.078189e-10 
1.077021e-10 
1.075855e-10 
1.074692e-10 
1.073531e-10 
1.072372e-10 
1.071216e-10 
1.070063e-10 
1.068911e-10 
1.067762e-10 
1.066616e-10 
1.065471e-10 
1.064329e-10 
1.063189e-10 
1.062052e-10 
1.060917e-10 
1.059784e-10 
1.058654e-10 
1.057526e-10 
1.056400e-10 
1.055276e-10 
1.054155e-10 
1.053035e-10 
1.051919e-10 
1.050804e-10 
1.049692e-10 
1.048581e-10 
1.047474e-10 
1.046368e-10 
1.045264e-10 
1.044163e-10 
1.043064e-10 
1.041967e-10 
1.040873e-10 
1.039780e-10 
1.038690e-10 
1.037602e-10 
1.036516e-10 
1.035432e-10 
1.034350e-10 
1.033271e-10 
1.032193e-10 
1.031118e-10 
1.030045e-10 
1.028974e-10 
1.027905e-10 
1.026838e-10 
1.025773e-10 
1.024711e-10 
1.023650e-10 
1.022592e-10 
1.021536e-10 
1.020481e-10 
1.019429e-10 
1.018379e-10 
1.017331e-10 
1.016285e-10 
1.015241e-10 
1.014199e-10 
1.013159e-10 
1.012122e-10 
1.011086e-10 
1.010052e-10 
1.009020e-10 
1.007990e-10 
1.006962e-10 
1.005937e-10 
1.004913e-10 
1.003891e-10 
1.002871e-10 
1.001853e-10 
1.000837e-10 
9.998233e-11 
9.988113e-11 
9.978012e-11 
9.967931e-11 
9.957869e-11 
9.947827e-11 
9.937803e-11 
9.927799e-11 
9.917815e-11 
9.907849e-11 
9.897902e-11 
9.887975e-11 
9.878066e-11 
9.868176e-11 
9.858305e-11 
9.848453e-11 
9.838620e-11 
9.828805e-11 
9.819009e-11 
9.809232e-11 
9.799473e-11 
9.789732e-11 
9.780010e-11 
9.770307e-11 
9.760622e-11 
9.750955e-11 
9.741306e-11 
9.731676e-11 
9.722063e-11 
9.712469e-11 
9.702893e-11 
9.693334e-11 
9.683794e-11 
9.674272e-11 
9.664767e-11 
9.655280e-11 
9.645811e-11 
9.636360e-11 
9.626926e-11 
9.617510e-11 
9.608112e-11 
9.598731e-11 
9.589367e-11 
9.580021e-11 
9.570692e-11 
9.561381e-11 
9.552087e-11 
9.542810e-11 
9.533550e-11 
9.524307e-11 
9.515082e-11 
9.505873e-11 
9.496682e-11 
9.487507e-11 
9.478349e-11 
9.469209e-11 
9.460084e-11 
9.450977e-11 
9.441887e-11 
9.432813e-11 
9.423756e-11 
9.414715e-11 
9.405691e-11 
9.396683e-11 
9.387692e-11 
9.378718e-11 
9.369759e-11 
9.360817e-11 
9.351892e-11 
9.342982e-11 
9.334089e-11 
9.325212e-11 
9.316351e-11 
9.307506e-11 
9.298677e-11 
9.289864e-11 
9.281067e-11 
9.272286e-11 
9.263520e-11 
9.254771e-11 
9.246037e-11 
9.237319e-11 
9.228617e-11 
9.219930e-11 
9.211259e-11 
9.202604e-11 
9.193964e-11 
9.185339e-11 
9.176730e-11 
9.168137e-11 
9.159559e-11 
9.150996e-11 
9.142448e-11 
9.133916e-11 
9.125399e-11 
9.116897e-11 
9.108410e-11 
9.099938e-11 
9.091481e-11 
9.083039e-11 
9.074613e-11 
9.066201e-11 
9.057804e-11 
9.049422e-11 
9.041054e-11 
9.032702e-11 
9.024364e-11 
9.016041e-11 
9.007733e-11 
8.999439e-11 
8.991160e-11 
8.982895e-11 
8.974645e-11 
8.966409e-11 
8.958188e-11 
8.949981e-11 
8.941788e-11 
8.933610e-11 
8.925446e-11 
8.917297e-11 
8.909161e-11 
8.901040e-11 
8.892933e-11 
8.884840e-11 
8.876761e-11 
8.868696e-11 
8.860645e-11 
8.852608e-11 
8.844585e-11 
8.836576e-11 
8.828581e-11 
8.820600e-11 
8.812632e-11 
8.804678e-11 
8.796738e-11 
8.788811e-11 
8.780899e-11 
8.772999e-11 
8.765114e-11 
8.757241e-11 
8.749383e-11 
8.741538e-11 
8.733706e-11 
8.725888e-11 
8.718083e-11 
8.710291e-11 
8.702513e-11 
8.694748e-11 
8.686996e-11 
8.679258e-11 
8.671532e-11 
8.663820e-11 
8.656121e-11 
8.648435e-11 
8.640762e-11 
8.633102e-11 
8.625455e-11 
8.617821e-11 
8.610200e-11 
8.602591e-11 
8.594996e-11 
8.587413e-11 
8.579844e-11 
8.572287e-11 
8.564742e-11 
8.557211e-11 
8.549692e-11 
8.542185e-11 
8.534691e-11 
8.527210e-11 
8.519742e-11 
8.512285e-11 
8.504842e-11 
8.497410e-11 
8.489992e-11 
8.482585e-11 
8.475191e-11 
8.467809e-11 
8.460440e-11 
8.453082e-11 
8.445737e-11 
8.438405e-11 
8.431085e-11 
8.423777e-11 
8.416482e-11 
8.409198e-11 
8.401927e-11 
8.394668e-11 
8.387420e-11 
8.380185e-11 
8.372961e-11 
8.365750e-11 
8.358550e-11 
8.351362e-11 
8.344186e-11 
8.337022e-11 
8.329869e-11 
8.322728e-11 
8.315599e-11 
8.308482e-11 
8.301376e-11 
8.294282e-11 
8.287199e-11 
8.280128e-11 
8.273069e-11 
8.266021e-11 
8.258984e-11 
8.251959e-11 
8.244946e-11 
8.237943e-11 
8.230953e-11 
8.223973e-11 
8.217005e-11 
8.210048e-11 
8.203102e-11 
8.196168e-11 
8.189245e-11 
8.182332e-11 
8.175432e-11 
8.168542e-11 
8.161663e-11 
8.154795e-11 
8.147939e-11 
8.141093e-11 
8.134259e-11 
8.127435e-11 
8.120622e-11 
8.113821e-11 
8.107030e-11 
8.100250e-11 
8.093481e-11 
8.086722e-11 
8.079975e-11 
8.073238e-11 
8.066512e-11 
8.059796e-11 
8.053092e-11 
8.046398e-11 
8.039714e-11 
8.033041e-11 
8.026379e-11 
8.019727e-11 
8.013086e-11 
8.006456e-11 
7.999835e-11 
7.993226e-11 
7.986627e-11 
7.980038e-11 
7.973459e-11 
7.966891e-11 
7.960333e-11 
7.953786e-11 
7.947249e-11 
7.940722e-11 
7.934205e-11 
7.927699e-11 
7.921203e-11 
7.914717e-11 
7.908241e-11 
7.901775e-11 
7.895319e-11 
7.888873e-11 
7.882438e-11 
7.876012e-11 
7.869597e-11 
7.863191e-11 
7.856796e-11 
7.850410e-11 
7.844034e-11 
7.837668e-11 
7.831312e-11 
7.824966e-11 
7.818630e-11 
7.812303e-11 
7.805987e-11 
7.799680e-11 
7.793382e-11 
7.787095e-11 
7.780817e-11 
7.774549e-11 
7.768290e-11 
7.762041e-11 
7.755802e-11 
7.749572e-11 
7.743352e-11 
7.737141e-11 
7.730940e-11 
7.724748e-11 
7.718566e-11 
7.712393e-11 
7.706230e-11 
7.700076e-11 
7.693932e-11 
7.687796e-11 
7.681671e-11 
7.675554e-11 
7.669447e-11 
7.663349e-11 
7.657260e-11 
7.651181e-11 
7.645110e-11 
7.639049e-11 
7.632997e-11 
7.626955e-11 
7.620921e-11 
7.614897e-11 
7.608881e-11 
7.602875e-11 
7.596878e-11 
7.590889e-11 
7.584910e-11 
7.578940e-11 
7.572979e-11 
7.567026e-11 
7.561083e-11 
7.555148e-11 
7.549223e-11 
7.543306e-11 
7.537398e-11 
7.531499e-11 
7.525609e-11 
7.519727e-11 
7.513855e-11 
7.507991e-11 
7.502135e-11 
7.496289e-11 
7.490451e-11 
7.484622e-11 
7.478802e-11 
7.472990e-11 
7.467186e-11 
7.461392e-11 
7.455606e-11 
7.449828e-11 
7.444059e-11 
7.438299e-11 
7.432547e-11 
7.426803e-11 
7.421069e-11 
7.415342e-11 
7.409624e-11 
7.403914e-11 
7.398213e-11 
7.392520e-11 
7.386835e-11 
7.381159e-11 
7.375491e-11 
7.369831e-11 
7.364180e-11 
7.358537e-11 
7.352902e-11 
7.347276e-11 
7.341657e-11 
7.336047e-11 
7.330445e-11 
7.324851e-11 
7.319265e-11 
7.313688e-11 
7.308118e-11 
7.302557e-11 
7.297003e-11 
7.291458e-11 
7.285921e-11 
7.280391e-11 
7.274870e-11 
7.269357e-11 
7.263851e-11 
7.258354e-11 
7.252864e-11 
7.247383e-11 
7.241909e-11 
7.236443e-11 
7.230985e-11 
7.225535e-11 
7.220093e-11 
7.214659e-11 
7.209232e-11 
7.203813e-11 
7.198402e-11 
7.192999e-11 
7.187603e-11 
7.182215e-11 
7.176835e-11 
7.171462e-11 
7.166097e-11 
7.160740e-11 
7.155390e-11 
7.150048e-11 
7.144714e-11 
7.139387e-11 
7.134068e-11 
7.128756e-11 
7.123452e-11 
7.118155e-11 
7.112866e-11 
7.107584e-11 
7.102310e-11 
7.097043e-11 
7.091784e-11 
7.086532e-11 
7.081287e-11 
7.076050e-11 
7.070820e-11 
7.065598e-11 
7.060383e-11 
7.055175e-11 
7.049975e-11 
7.044782e-11 
7.039596e-11 
7.034417e-11 
7.029246e-11 
7.024082e-11 
7.018925e-11 
7.013775e-11 
7.008633e-11 
7.003497e-11 
6.998369e-11 
6.993248e-11 
6.988134e-11 
6.983027e-11 
6.977928e-11 
6.972835e-11 
6.967750e-11 
6.962671e-11 
6.957600e-11 
6.952535e-11 
6.947478e-11 
6.942427e-11 
6.937384e-11 
6.932348e-11 
6.927318e-11 
6.922296e-11 
6.917280e-11 
6.912271e-11 
6.907269e-11 
6.902274e-11 
6.897286e-11 
6.892305e-11 
6.887331e-11 
6.882363e-11 
6.877402e-11 
6.872448e-11 
6.867501e-11 
6.862561e-11 
6.857627e-11 
6.852700e-11 
6.847780e-11 
6.842867e-11 
6.837960e-11 
6.833060e-11 
6.828166e-11 
6.823280e-11 
6.818400e-11 
6.813526e-11 
6.808659e-11 
6.803799e-11 
6.798945e-11 
6.794098e-11 
6.789258e-11 
6.784424e-11 
6.779596e-11 
6.774776e-11 
6.769961e-11 
6.765153e-11 
6.760352e-11 
6.755557e-11 
6.750769e-11 
6.745987e-11 
6.741211e-11 
6.736442e-11 
6.731679e-11 
6.726923e-11 
6.722173e-11 
6.717429e-11 
6.712692e-11 
6.707961e-11 
6.703236e-11 
6.698518e-11 
6.693806e-11 
6.689100e-11 
6.684401e-11 
6.679708e-11 
6.675021e-11 
6.670340e-11 
6.665666e-11 
6.660998e-11 
6.656336e-11 
6.651680e-11 
6.647030e-11 
6.642387e-11 
6.637749e-11 
6.633118e-11 
6.628493e-11 
6.623874e-11 
6.619261e-11 
6.614655e-11 
6.610054e-11 
6.605459e-11 
6.600871e-11 
6.596288e-11 
6.591712e-11 
6.587142e-11 
6.582577e-11 
6.578019e-11 
6.573466e-11 
6.568920e-11 
6.564379e-11 
6.559845e-11 
6.555316e-11 
6.550794e-11 
6.546277e-11 
6.541766e-11 
6.537261e-11 
6.532762e-11 
6.528269e-11 
6.523781e-11 
6.519300e-11 
6.514824e-11 
6.510354e-11 
6.505890e-11 
6.501432e-11 
6.496980e-11 
6.492533e-11 
6.488092e-11 
6.483657e-11 
6.479227e-11 
6.474804e-11 
6.470386e-11 
6.465973e-11 
6.461567e-11 
6.457166e-11 
6.452771e-11 
6.448381e-11 
6.443997e-11 
6.439619e-11 
6.435247e-11 
6.430880e-11 
6.426518e-11 
6.422163e-11 
6.417812e-11 
6.413468e-11 
6.409129e-11 
6.404795e-11 
6.400467e-11 
6.396145e-11 
6.391828e-11 
6.387517e-11 
6.383211e-11 
6.378910e-11 
6.374616e-11 
6.370326e-11 
6.366042e-11 
6.361764e-11 
6.357491e-11 
6.353223e-11 
6.348961e-11 
6.344704e-11 
6.340453e-11 
6.336207e-11 
6.331966e-11 
6.327731e-11 
6.323501e-11 
6.319276e-11 
6.315057e-11 
6.310843e-11 
6.306635e-11 
6.302431e-11 
6.298233e-11 
6.294041e-11 
6.289853e-11 
6.285671e-11 
6.281494e-11 
6.277323e-11 
6.273156e-11 
6.268995e-11 
6.264839e-11 
6.260688e-11 
6.256543e-11 
6.252402e-11 
6.248267e-11 
6.244137e-11 
6.240012e-11 
6.235893e-11 
6.231778e-11 
6.227669e-11 
6.223564e-11 
6.219465e-11 
6.215371e-11 
6.211282e-11 
6.207198e-11 
6.203119e-11 
6.199045e-11 
6.194977e-11 
6.190913e-11 
6.186854e-11 
6.182800e-11 
6.178752e-11 
6.174708e-11 
6.170670e-11 
6.166636e-11 
6.162607e-11 
6.158583e-11 
6.154565e-11 
6.150551e-11 
6.146542e-11 
6.142538e-11 
6.138539e-11 
6.134545e-11 
6.130556e-11 
6.126572e-11 
6.122592e-11 
6.118618e-11 
6.114648e-11 
6.110683e-11 
6.106723e-11 
6.102768e-11 
6.098818e-11 
6.094872e-11 
6.090932e-11 
6.086996e-11 
6.083065e-11 
6.079138e-11 
6.075217e-11 
6.071300e-11 
6.067388e-11 
6.063481e-11 
6.059579e-11 
6.055681e-11 
6.051788e-11 
6.047900e-11 
6.044016e-11 
6.040137e-11 
6.036263e-11 
6.032393e-11 
6.028529e-11 
6.024669e-11 
6.020813e-11 
6.016962e-11 
6.013116e-11 
6.009274e-11 
6.005437e-11 
6.001605e-11 
5.997777e-11 
5.993954e-11 
5.990136e-11 
5.986322e-11 
5.982512e-11 
5.978708e-11 
5.974907e-11 
5.971112e-11 
5.967320e-11 
5.963534e-11 
5.959752e-11 
5.955974e-11 
5.952201e-11 
5.948432e-11 
5.944668e-11 
5.940909e-11 
5.937153e-11 
5.933403e-11 
5.929657e-11 
5.925915e-11 
5.922178e-11 
5.918445e-11 
5.914716e-11 
5.910992e-11 
5.907273e-11 
5.903557e-11 
5.899846e-11 
5.896140e-11 
5.892438e-11 
5.888740e-11 
5.885047e-11 
5.881358e-11 
5.877673e-11 
5.873993e-11 
5.870317e-11 
5.866646e-11 
5.862978e-11 
5.859315e-11 
5.855657e-11 
5.852002e-11 
5.848352e-11 
5.844706e-11 
5.841065e-11 
5.837427e-11 
5.833794e-11 
5.830166e-11 
5.826541e-11 
5.822921e-11 
5.819305e-11 
5.815693e-11 
5.812085e-11 
5.808482e-11 
5.804882e-11 
5.801287e-11 
5.797697e-11 
5.794110e-11 
5.790527e-11 
5.786949e-11 
5.783375e-11 
5.779805e-11 
5.776239e-11 
5.772677e-11 
5.769119e-11 
5.765566e-11 
5.762016e-11 
5.758471e-11 
5.754930e-11 
5.751393e-11 
5.747859e-11 
5.744330e-11 
5.740806e-11 
5.737285e-11 
5.733768e-11 
5.730255e-11 
5.726746e-11 
5.723242e-11 
5.719741e-11 
5.716244e-11 
5.712752e-11 
5.709263e-11 
5.705778e-11 
5.702298e-11 
5.698821e-11 
5.695348e-11 
5.691879e-11 
5.688415e-11 
5.684954e-11 
5.681497e-11 
5.678044e-11 
5.674595e-11 
5.671150e-11 
5.667709e-11 
5.664272e-11 
5.660838e-11 
5.657409e-11 
5.653983e-11 
5.650562e-11 
5.647144e-11 
5.643730e-11 
5.640320e-11 
5.636914e-11 
5.633512e-11 
5.630113e-11 
5.626718e-11 
5.623328e-11 
5.619941e-11 
5.616558e-11 
5.613178e-11 
5.609803e-11 
5.606431e-11 
5.603063e-11 
5.599699e-11 
5.596339e-11 
5.592982e-11 
5.589629e-11 
5.586280e-11 
5.582935e-11 
5.579594e-11 
5.576256e-11 
5.572922e-11 
5.569591e-11 
5.566265e-11 
5.562942e-11 
5.559623e-11 
5.556307e-11 
5.552996e-11 
5.549688e-11 
5.546383e-11 
5.543083e-11 
5.539786e-11 
5.536492e-11 
5.533203e-11 
5.529917e-11 
5.526634e-11 
5.523355e-11 
5.520080e-11 
5.516809e-11 
5.513541e-11 
5.510277e-11 
5.507016e-11 
5.503759e-11 
5.500506e-11 
5.497256e-11 
5.494010e-11 
5.490767e-11 
5.487528e-11 
5.484293e-11 
5.481061e-11 
5.477833e-11 
5.474608e-11 
5.471387e-11 
5.468169e-11 
5.464955e-11 
5.461744e-11 
5.458537e-11 
5.455333e-11 
5.452133e-11 
5.448937e-11 
5.445744e-11 
5.442554e-11 
5.439368e-11 
5.436186e-11 
5.433006e-11 
5.429831e-11 
5.426659e-11 
5.423490e-11 
5.420325e-11 
5.417163e-11 
5.414004e-11 
5.410850e-11 
5.407698e-11 
5.404550e-11 
5.401405e-11 
5.398264e-11 
5.395126e-11 
5.391992e-11 
5.388861e-11 
5.385733e-11 
5.382609e-11 
5.379488e-11 
5.376371e-11 
5.373257e-11 
5.370146e-11 
5.367038e-11 
5.363934e-11 
5.360834e-11 
5.357736e-11 
5.354642e-11 
5.351552e-11 
5.348464e-11 
5.345380e-11 
5.342300e-11 
5.339222e-11 
5.336148e-11 
5.333077e-11 
5.330010e-11 
5.326946e-11 
5.323885e-11 
5.320827e-11 
5.317773e-11 
5.314722e-11 
5.311674e-11 
5.308629e-11 
5.305588e-11 
5.302550e-11 
5.299515e-11 
5.296483e-11 
5.293455e-11 
5.290430e-11 
5.287408e-11 
5.284389e-11 
5.281374e-11 
5.278361e-11 
5.275352e-11 
5.272346e-11 
5.269344e-11 
5.266344e-11 
5.263348e-11 
5.260355e-11 
5.257365e-11 
5.254378e-11 
5.251394e-11 
5.248414e-11 
5.245436e-11 
5.242462e-11 
5.239491e-11 
5.236523e-11 
5.233558e-11 
5.230596e-11 
5.227638e-11 
5.224682e-11 
5.221730e-11 
5.218781e-11 
5.215835e-11 
5.212892e-11 
5.209952e-11 
5.207015e-11 
5.204081e-11 
5.201150e-11 
5.198222e-11 
5.195298e-11 
5.192376e-11 
5.189458e-11 
5.186542e-11 
5.183630e-11 
5.180721e-11 
5.177814e-11 
5.174911e-11 
5.172011e-11 
5.169114e-11 
5.166219e-11 
5.163328e-11 
5.160440e-11 
5.157555e-11 
5.154672e-11 
5.151793e-11 
5.148917e-11 
5.146044e-11 
5.143174e-11 
5.140306e-11 
5.137442e-11 
5.134581e-11 
5.131722e-11 
5.128867e-11 
5.126014e-11 
5.123165e-11 
5.120318e-11 
5.117475e-11 
5.114634e-11 
5.111796e-11 
5.108961e-11 
5.106129e-11 
5.103300e-11 
5.100474e-11 
5.097651e-11 
5.094830e-11 
5.092013e-11 
5.089199e-11 
5.086387e-11 
5.083578e-11 
5.080772e-11 
5.077969e-11 
5.075169e-11 
5.072372e-11 
5.069577e-11 
5.066786e-11 
5.063997e-11 
5.061211e-11 
5.058428e-11 
5.055648e-11 
5.052871e-11 
5.050096e-11 
5.047324e-11 
5.044556e-11 
5.041790e-11 
5.039026e-11 
5.036266e-11 
5.033508e-11 
5.030753e-11 
5.028001e-11 
5.025252e-11 
5.022506e-11 
5.019762e-11 
5.017021e-11 
5.014283e-11 
5.011548e-11 
5.008815e-11 
5.006085e-11 
5.003358e-11 
5.000634e-11 
4.997912e-11 
4.995193e-11 
4.992477e-11 
4.989764e-11 
4.987053e-11 
4.984345e-11 
4.981640e-11 
4.978938e-11 
4.976238e-11 
4.973541e-11 
4.970847e-11 
4.968155e-11 
4.965466e-11 
4.962780e-11 
4.960096e-11 
4.957416e-11 
4.954737e-11 
4.952062e-11 
4.949389e-11 
4.946719e-11 
4.944052e-11 
4.941387e-11 
4.938725e-11 
4.936065e-11 
4.933408e-11 
4.930754e-11 
4.928102e-11 
4.925453e-11 
4.922807e-11 
4.920164e-11 
4.917522e-11 
4.914884e-11 
4.912248e-11 
4.909615e-11 
4.906984e-11 
4.904357e-11 
4.901731e-11 
4.899108e-11 
4.896488e-11 
4.893871e-11 
4.891256e-11 
4.888643e-11 
4.886033e-11 
4.883426e-11 
4.880821e-11 
4.878219e-11 
4.875620e-11 
4.873023e-11 
4.870428e-11 
4.867836e-11 
4.865247e-11 
4.862660e-11 
4.860076e-11 
4.857494e-11 
4.854915e-11 
4.852339e-11 
4.849764e-11 
4.847193e-11 
4.844624e-11 
4.842057e-11 
4.839493e-11 
4.836932e-11 
4.834372e-11 
4.831816e-11 
4.829262e-11 
4.826710e-11 
4.824161e-11 
4.821615e-11 
4.819071e-11 
4.816529e-11 
4.813990e-11 
4.811453e-11 
4.808919e-11 
4.806387e-11 
4.803858e-11 
4.801331e-11 
4.798807e-11 
4.796285e-11 
4.793765e-11 
4.791248e-11 
4.788733e-11 
4.786221e-11 
4.783712e-11 
4.781204e-11 
4.778699e-11 
4.776197e-11 
4.773697e-11 
4.771199e-11 
4.768704e-11 
4.766211e-11 
4.763721e-11 
4.761233e-11 
4.758747e-11 
4.756264e-11 
4.753783e-11 
4.751304e-11 
4.748828e-11 
4.746355e-11 
4.743883e-11 
4.741414e-11 
4.738948e-11 
4.736484e-11 
4.734022e-11 
4.731562e-11 
4.729105e-11 
4.726650e-11 
4.724198e-11 
4.721748e-11 
4.719300e-11 
4.716854e-11 
4.714411e-11 
4.711971e-11 
4.709532e-11 
4.707096e-11 
4.704662e-11 
4.702231e-11 
4.699801e-11 
4.697375e-11 
4.694950e-11 
4.692528e-11 
4.690108e-11 
4.687690e-11 
4.685275e-11 
4.682862e-11 
4.680451e-11 
4.678042e-11 
4.675636e-11 
4.673232e-11 
4.670831e-11 
4.668431e-11 
4.666034e-11 
4.663639e-11 
4.661247e-11 
4.658856e-11 
4.656468e-11 
4.654082e-11 
4.651699e-11 
4.649317e-11 
4.646938e-11 
4.644561e-11 
4.642187e-11 
4.639814e-11 
4.637444e-11 
4.635076e-11 
4.632711e-11 
4.630347e-11 
4.627986e-11 
4.625627e-11 
4.623270e-11 
4.620915e-11 
4.618563e-11 
4.616213e-11 
4.613864e-11 
4.611519e-11 
4.609175e-11 
4.606833e-11 
4.604494e-11 
4.602157e-11 
4.599822e-11 
4.597489e-11 
4.595159e-11 
4.592830e-11 
4.590504e-11 
4.588180e-11 
4.585858e-11 
4.583538e-11 
4.581221e-11 
4.578905e-11 
4.576592e-11 
4.574281e-11 
4.571972e-11 
4.569665e-11 
4.567360e-11 
4.565058e-11 
4.562757e-11 
4.560459e-11 
4.558163e-11 
4.555868e-11 
4.553577e-11 
4.551287e-11 
4.548999e-11 
4.546713e-11 
4.544430e-11 
4.542148e-11 
4.539869e-11 
4.537592e-11 
4.535317e-11 
4.533044e-11 
4.530773e-11 
4.528504e-11 
4.526237e-11 
4.523972e-11 
4.521710e-11 
4.519449e-11 
4.517191e-11 
4.514934e-11 
4.512680e-11 
4.510427e-11 
4.508177e-11 
4.505929e-11 
4.503683e-11 
4.501439e-11 
4.499197e-11 
4.496957e-11 
4.494719e-11 
4.492483e-11 
4.490249e-11 
4.488018e-11 
4.485788e-11 
4.483560e-11 
4.481334e-11 
4.479111e-11 
4.476889e-11 
4.474669e-11 
4.472452e-11 
4.470236e-11 
4.468022e-11 
4.465811e-11 
4.463601e-11 
4.461394e-11 
4.459188e-11 
4.456984e-11 
4.454783e-11 
4.452583e-11 
4.450386e-11 
4.448190e-11 
4.445996e-11 
4.443805e-11 
4.441615e-11 
4.439427e-11 
